256	23024	11.718750	14.133333
512	42342	30.859375	20.481013
768	62006	30.859375	24.860759
1024	81257	31.640625	21.617284
1280	100355	31.250000	18.725000
1536	118468	35.546875	17.725275
1792	135464	40.234375	16.466019
2048	151760	45.312500	19.793103
2304	165057	62.109375	22.622642
2560	178554	59.765625	20.895425
2816	191429	63.281250	21.450617
3072	204374	64.453125	23.303030
3328	216033	72.656250	25.048387
3584	227398	70.703125	21.353591
3840	238943	69.531250	21.039326
4096	251247	69.921875	25.720670
4352	262326	71.875000	21.081522
4608	274319	71.093750	25.236264
4864	285300	73.828125	22.650794
5120	295797	75.000000	21.338542
5376	305710	79.296875	22.724138
5632	316987	72.656250	22.994624
5888	327821	75.781250	23.886598
6144	339210	73.828125	24.809524
6400	348629	81.250000	22.206731
6656	358262	82.421875	24.327014
6912	367166	85.156250	23.412844
7168	376651	82.031250	23.261905
7424	386153	83.593750	24.775701
7680	395141	82.812500	21.641509
7936	403759	84.375000	21.379630
8192	412497	86.718750	24.045045
8448	421131	86.718750	23.576577
8704	429878	86.718750	24.085586
8960	438274	88.281250	23.876106
9216	447422	85.156250	24.532110
9472	454831	89.843750	20.908696
9728	463358	88.281250	24.455752
9984	471510	88.671875	23.136564
10240	478768	90.234375	20.597403
10496	486851	88.671875	22.832599
10752	493932	93.750000	22.837500
11008	501802	89.453125	22.576419
11264	509846	88.281250	22.318584
11520	517913	88.671875	22.762115
11776	525644	89.453125	21.969432
12032	533425	89.062500	21.846491
12288	540309	93.359375	21.690377
12544	547434	90.234375	20.021645
12800	553738	96.093750	21.560976
13056	561549	90.625000	23.323276
13312	568915	90.625000	21.405172
13568	575983	94.140625	23.103734
13824	583448	90.625000	21.831897
14080	592150	88.281250	25.230088
14336	600079	86.718750	20.400901
14592	609081	83.984375	22.800000
14848	619023	80.468750	23.990291
15104	628857	77.734375	20.773869
15360	639646	75.781250	23.654639
15616	649375	78.125000	20.645000
15872	662992	62.500000	25.106250
16128	676675	61.328125	24.095541
16384	690244	62.109375	24.333333
16640	702868	64.843750	21.831325
16896	717511	55.078125	22.290780
17152	732693	53.125000	23.397059
17408	747015	57.031250	22.753425
17664	760833	60.937500	24.474359
17920	773954	65.234375	25.275449
18176	786376	69.921875	26.379888
18432	798292	71.484375	25.224044
18688	811455	65.625000	25.970238
18944	823076	72.656250	24.844086
19200	834396	71.484375	21.967213
19456	844846	75.781250	21.907216
19712	856147	72.656250	23.123656
19968	868084	72.265625	26.145946
20224	879280	77.734375	27.618090
20480	890689	73.828125	24.915344
20736	901984	74.609375	25.104712
20992	913170	73.437500	23.329787
21248	923087	80.859375	24.236715
21504	933866	78.125000	25.895000
21760	945133	77.343750	27.611111
22016	956276	78.515625	28.074627
22272	965806	83.593750	24.906542
22528	976010	82.031250	26.685714
22784	986516	80.859375	27.082126
23040	995558	85.937500	24.736364
23296	1005739	81.250000	25.870192
23552	1015288	83.984375	25.344186
23808	1025365	82.031250	26.080952
24064	1034588	85.156250	24.876147
24320	1043442	85.546875	23.534247
24576	1053078	82.812500	24.698113
24832	1061901	90.234375	27.372294
25088	1070558	85.156250	22.279817
25344	1079018	89.062500	24.824561
25600	1087642	86.718750	23.531532
25856	1096112	89.453125	25.196507
26112	1104150	92.187500	25.584746
26368	1112521	89.843750	25.091304
26624	1120598	91.406250	25.115385
26880	1128288	91.406250	23.461538
27136	1136427	91.406250	25.380342
27392	1144306	92.968750	25.542017
27648	1152796	89.453125	25.283843
27904	1160247	93.359375	24.062762
28160	1167525	91.796875	22.034043
28416	1174279	94.531250	22.123967
28672	1181182	94.140625	22.419087
28928	1188857	94.140625	25.622407
29184	1196183	93.359375	23.539749
29440	1202503	96.093750	21.626016
29696	1208859	97.265625	22.714859
29952	1215258	97.656250	23.196000
30208	1221797	96.875000	23.141129
30464	1228307	95.703125	22.081633
30720	1234749	98.046875	23.673307
30976	1241945	96.484375	25.489879
31232	1248615	96.875000	23.669355
31488	1254445	98.437500	21.547619
31744	1259913	98.046875	19.792829
32000	1266124	96.093750	21.182927
32256	1272097	98.828125	22.422925
32512	1278849	96.093750	23.382114
32768	1284857	99.218750	22.866142
33024	1291128	96.093750	21.426829
33280	1297320	96.875000	21.741935
33536	1303808	97.265625	23.244980
33792	1309767	98.828125	22.367589
34048	1315902	98.828125	23.063241
34304	1322698	96.484375	23.870445
34560	1328956	98.046875	22.940239
34816	1334848	98.437500	21.793651
35072	1341377	98.437500	24.321429
35328	1347722	97.656250	22.980000
35584	1353790	97.656250	21.872000
35840	1359883	97.656250	21.972000
36096	1365888	97.265625	21.305221
36352	1371450	98.046875	20.167331
36608	1377155	96.875000	19.778226
36864	1382629	99.218750	20.763780
37120	1387583	99.609375	19.035294
37376	1393418	96.875000	20.302419
37632	1398971	98.046875	20.131474
37888	1404507	98.437500	20.380952
38144	1410061	97.656250	19.816000
38400	1415868	97.656250	20.828000
38656	1421480	97.656250	20.048000
38912	1427002	98.437500	20.325397
39168	1432919	98.046875	21.581673
39424	1438460	98.828125	20.715415
39680	1443873	99.218750	20.523622
39936	1449675	97.656250	20.808000
40192	1454992	99.218750	20.145669
40448	1460303	97.656250	18.844000
40704	1466125	97.265625	20.570281
40960	1471231	98.046875	18.350598
41216	1476482	98.437500	19.250000
41472	1482216	95.703125	18.914286
41728	1487218	98.046875	17.936255
41984	1492624	97.265625	18.899598
42240	1497924	96.484375	17.813765
42496	1503614	95.703125	18.734694
42752	1509182	95.703125	18.236735
43008	1514552	97.656250	19.080000
43264	1519984	97.265625	19.004016
43520	1525957	96.484375	20.538462
43776	1531461	96.093750	18.308943
44032	1537089	95.703125	18.481633
44288	1542938	94.140625	18.045643
44544	1548610	98.046875	20.605578
44800	1554620	96.484375	20.688259
45056	1559909	95.703125	17.097959
45312	1566117	93.750000	19.200000
45568	1572247	94.921875	19.876543
45824	1578738	95.312500	21.684426
46080	1585077	92.578125	18.729958
46336	1591505	93.750000	20.116667
46592	1597445	94.140625	18.423237
46848	1603331	95.312500	19.204918
47104	1609135	94.921875	18.534979
47360	1615597	93.750000	20.258333
47616	1622081	93.359375	20.016736
47872	1629053	91.796875	20.731915
48128	1634985	95.312500	19.393443
48384	1641573	92.578125	19.780591
48640	1647773	94.531250	19.834711
48896	1654341	92.187500	19.355932
49152	1660375	92.578125	17.443038
49408	1666835	92.187500	18.898305
49664	1674484	87.890625	20.217778
49920	1682520	86.718750	20.882883
50176	1689275	90.234375	18.419913
50432	1697979	83.203125	20.676056
50688	1705967	87.890625	21.724444
50944	1716241	76.953125	22.203046
51200	1729368	63.281250	23.006173
51456	1745237	49.218750	22.769841
51712	1762590	41.406250	22.198113
51968	1779895	39.843750	18.676471
52224	1795023	50.781250	19.446154
52480	1810071	52.734375	21.837037
52736	1824938	53.125000	21.080882
52992	1839524	58.984375	27.059603
53248	1853437	62.109375	26.496855
53504	1867683	61.328125	27.681529
53760	1883270	51.953125	24.714286
54016	1897200	60.156250	24.220779
