256	23175	11.328125	16.379310
512	43757	25.390625	22.800000
768	64208	25.781250	21.984848
1024	83845	27.734375	16.014085
1280	103475	28.906250	19.324324
1536	121721	35.156250	18.288889
1792	138665	42.578125	20.587156
2048	156826	38.281250	24.091837
2304	172939	47.656250	22.237705
2560	188582	49.609375	21.598425
2816	204749	45.703125	19.376068
3072	218772	57.031250	20.705479
3328	234465	48.828125	20.744000
3584	247601	60.937500	20.102564
3840	261389	58.203125	20.724832
4096	275691	58.203125	24.174497
4352	287418	67.578125	19.809249
4608	298612	71.484375	21.278689
4864	312356	60.156250	23.012987
5120	324042	68.359375	20.491429
5376	335457	70.703125	21.629834
5632	346291	72.656250	20.612903
5888	357351	74.218750	23.473684
6144	367908	76.953125	23.639594
6400	378513	76.953125	23.883249
6656	388902	75.390625	21.186528
6912	398295	78.515625	19.368159
7168	407438	80.078125	19.721951
7424	416423	82.812500	21.627358
7680	426175	78.515625	21.154229
7936	435315	81.640625	21.244019
8192	444153	80.859375	19.024155
8448	452813	83.203125	20.469484
8704	461497	83.203125	20.582160
8960	469712	85.156250	20.252294
9216	477464	86.328125	19.239819
9472	484263	90.625000	18.961207
9728	492486	85.937500	21.013636
9984	500422	85.937500	19.709091
10240	508083	88.281250	20.623894
10496	516370	85.156250	20.582569
10752	524496	85.937500	20.572727
11008	533092	84.375000	21.277778
11264	540125	91.015625	20.313305
11520	547597	89.453125	20.838428
11776	554726	87.500000	17.540179
12032	562442	88.671875	21.215859
12288	570624	88.671875	23.268722
12544	577827	91.406250	21.380342
12800	584322	91.796875	18.702128
13056	592938	86.718750	23.495495
13312	601245	85.937500	21.395455
13568	608599	90.625000	21.353448
13824	615200	93.359375	20.506276
14080	622463	90.234375	20.619048
14336	629113	90.625000	18.318966
14592	636539	88.671875	19.938326
14848	643760	91.406250	21.457265
15104	649743	94.531250	18.938017
15360	657150	89.843750	20.900000
15616	663883	92.187500	20.055085
15872	670423	91.796875	18.893617
16128	676934	91.406250	18.423077
16384	683152	96.093750	21.211382
16640	689910	92.578125	20.497890
16896	696369	92.968750	19.575630
17152	703262	91.015625	19.712446
17408	709143	96.093750	19.841463
17664	715477	92.187500	18.364407
17920	721148	96.093750	18.987805
18176	727176	94.140625	18.788382
18432	733388	93.750000	19.216667
18688	739375	94.531250	18.954545
18944	746127	92.578125	20.472574
19200	751623	96.484375	18.607287
19456	758921	88.671875	19.374449
19712	764709	94.921875	18.469136
19968	770703	94.140625	18.647303
20224	776477	94.531250	18.074380
20480	782567	94.531250	19.380165
20736	788672	94.531250	19.442149
20992	794092	96.093750	17.967480
21248	799686	93.359375	16.292887
21504	806172	93.750000	20.358333
21760	812308	93.359375	18.560669
22016	818463	94.140625	19.315353
22272	823771	94.531250	16.148760
22528	830322	92.578125	19.624473
22784	835930	95.312500	18.065574
23040	841781	94.140625	18.053942
23296	847765	93.359375	17.924686
23552	853593	94.531250	18.297521
23808	859955	93.750000	19.841667
24064	865681	95.703125	18.881633
24320	872222	91.015625	18.201717
24576	878097	94.531250	18.491736
24832	883552	93.750000	16.062500
25088	888996	94.531250	16.710744
25344	895191	94.140625	19.481328
25600	901228	93.750000	18.487500
25856	906888	94.140625	17.261411
26112	912201	96.093750	17.532520
26368	917439	96.093750	17.227642
26624	923629	93.359375	18.786611
26880	929165	94.921875	17.432099
27136	934436	94.921875	16.341564
27392	939981	94.140625	16.784232
27648	944956	96.093750	16.158537
27904	950104	97.656250	18.192000
28160	955987	93.750000	17.845833
28416	961417	95.312500	17.336066
28672	967301	93.359375	17.506276
28928	972356	97.265625	17.489960
29184	977859	94.921875	17.296296
29440	983309	96.875000	18.750000
29696	988915	92.968750	15.991597
29952	994022	96.875000	17.366935
30208	999719	94.531250	17.756198
30464	1004618	96.484375	16.190283
30720	1009746	97.265625	17.783133
30976	1014771	95.703125	16.020408
31232	1019962	96.093750	17.036585
31488	1024393	97.656250	15.324000
31744	1029537	95.703125	16.506122
32000	1035376	94.140625	18.004149
32256	1040491	94.921875	15.699588
32512	1045937	95.703125	17.738776
32768	1051091	94.921875	15.860082
33024	1056761	94.140625	17.302905
33280	1062174	94.531250	16.582645
33536	1067152	95.703125	15.828571
33792	1072106	97.265625	17.084337
34048	1077026	97.265625	16.947791
34304	1081894	95.703125	15.379592
34560	1086888	96.093750	16.235772
34816	1092077	96.093750	17.028455
35072	1097288	96.484375	17.453441
35328	1103005	96.875000	19.826613
35584	1107905	96.093750	15.853659
35840	1112829	96.875000	16.629032
36096	1117963	96.093750	16.804878
36352	1122963	96.875000	16.935484
36608	1127604	96.484375	15.145749
36864	1132583	95.312500	15.487705
37120	1137603	96.484375	16.680162
37376	1141830	98.437500	15.186508
37632	1146249	97.656250	15.276000
37888	1151679	96.875000	18.669355
38144	1156355	97.265625	15.967871
38400	1161389	94.921875	15.366255
38656	1166083	96.875000	15.701613
38912	1171284	95.703125	16.738776
39168	1175626	96.484375	13.935223
39424	1180507	96.875000	16.455645
39680	1185146	97.656250	16.156000
39936	1189727	97.265625	15.586345
40192	1194556	96.484375	15.906883
40448	1198862	98.046875	15.163347
40704	1203615	97.265625	16.277108
40960	1208293	97.656250	16.312000
41216	1212804	97.265625	15.305221
41472	1217585	95.703125	15.024490
41728	1222336	96.484375	15.591093
41984	1227443	96.093750	16.695122
42240	1231878	96.875000	14.657258
42496	1236310	97.656250	15.328000
42752	1241022	95.312500	14.393443
43008	1245365	98.046875	15.310757
43264	1249949	97.656250	15.936000
43520	1254492	97.265625	15.433735
43776	1259023	96.875000	15.044355
44032	1263680	97.265625	15.891566
44288	1268266	97.656250	15.944000
44544	1272946	95.312500	14.262295
44800	1277718	96.093750	15.333333
45056	1282709	96.093750	16.223577
45312	1287457	97.656250	16.592000
45568	1291722	98.437500	15.337302
45824	1296276	97.265625	15.477912
46080	1300222	98.828125	14.411067
46336	1304944	96.093750	15.130081
46592	1309139	98.046875	14.721116
46848	1313196	98.046875	14.171315
47104	1317670	97.265625	15.156627
47360	1321880	97.265625	14.096386
47616	1326272	96.875000	14.483871
47872	1331243	95.312500	15.454918
48128	1335829	95.703125	14.228571
48384	1341051	95.312500	16.483607
48640	1345030	98.828125	14.541502
48896	1349442	97.656250	15.248000
49152	1353835	97.265625	14.831325
49408	1358156	96.875000	14.197581
49664	1361842	98.828125	13.383399
49920	1365447	100.000000	14.082031
50176	1369622	97.265625	13.955823
50432	1374428	95.703125	15.126531
50688	1378306	99.218750	14.480315
50944	1382457	98.437500	14.884921
51200	1386463	98.437500	14.309524
51456	1391076	96.093750	14.686992
51712	1395230	96.875000	13.524194
51968	1399231	98.046875	13.948207
52224	1403465	98.046875	14.876494
52480	1407890	97.656250	15.300000
52736	1412222	96.484375	13.894737
52992	1416366	98.046875	14.517928
53248	1420619	97.265625	14.269076
53504	1424849	98.046875	14.860558
53760	1428702	98.046875	13.358566
54016	1432706	98.437500	14.301587
54272	1437158	96.484375	14.380567
54528	1441786	96.093750	14.747967
54784	1446292	96.484375	14.599190
55040	1450665	96.875000	14.407258
55296	1455174	96.093750	14.264228
55552	1459353	98.046875	14.657371
55808	1463749	97.656250	15.184000
56064	1467926	97.265625	13.963855
56320	1471701	98.437500	13.392857
56576	1475508	98.437500	13.519841
56832	1479606	98.437500	14.674603
57088	1483881	95.703125	12.959184
57344	1487903	97.265625	13.341365
57600	1492407	96.875000	14.935484
57856	1496455	97.265625	13.445783
58112	1500345	97.656250	13.160000
58368	1504250	98.437500	13.908730
58624	1508764	96.484375	14.631579
58880	1512540	97.656250	12.704000
59136	1516435	98.828125	14.209486
59392	1520197	98.046875	12.996016
59648	1524490	97.265625	14.429719
59904	1529119	96.484375	15.097166
60160	1533008	97.656250	13.156000
60416	1536897	98.828125	14.185771
60672	1541053	98.046875	14.565737
60928	1544946	98.046875	13.517928
61184	1548721	98.437500	13.392857
61440	1553030	97.265625	14.493976
61696	1557305	96.875000	14.012097
61952	1561184	97.265625	12.767068
62208	1564983	98.828125	13.830040
62464	1568649	98.828125	13.304348
62720	1572428	99.218750	14.090551
62976	1576914	97.265625	15.204819
63232	1580770	98.828125	14.055336
63488	1584227	98.828125	12.478261
63744	1588165	98.046875	13.697211
64000	1591728	98.828125	12.897233
64256	1595584	98.046875	13.370518
64512	1599358	99.218750	14.070866
64768	1603268	97.265625	12.891566
65024	1607111	98.046875	13.318725
65280	1611315	97.265625	14.072289
65536	1614959	98.828125	13.217391
65792	1618877	98.828125	14.300395
66048	1623031	98.046875	14.557769
66304	1626395	98.828125	12.110672
66560	1630204	98.046875	13.183267
66816	1634029	98.828125	13.932806
67072	1638114	96.875000	13.245968
67328	1642140	97.656250	13.704000
67584	1645898	98.046875	12.980080
67840	1649659	98.828125	13.679842
68096	1653303	98.828125	13.217391
68352	1657217	98.046875	13.601594
68608	1660856	97.656250	12.156000
68864	1664661	97.656250	12.820000
69120	1669031	97.265625	14.738956
69376	1673324	96.484375	13.736842
69632	1677370	97.656250	13.784000
69888	1681050	98.046875	12.669323
70144	1684632	99.609375	13.654902
70400	1688463	98.437500	13.615079
70656	1692052	98.828125	13.000000
70912	1695620	98.828125	12.916996
71168	1699580	98.437500	14.126984
71424	1703660	97.265625	13.574297
71680	1707567	98.437500	13.916667
71936	1711219	98.828125	13.249012
72192	1714655	99.218750	12.740157
72448	1718179	98.437500	12.396825
72704	1721730	98.828125	12.849802
72960	1725517	98.437500	13.440476
73216	1729153	99.609375	13.866667
73472	1732479	99.218750	12.307087
73728	1736390	97.265625	12.895582
73984	1740184	98.046875	13.123506
74240	1743816	97.656250	12.128000
74496	1746886	100.000000	11.992188
74752	1750917	98.046875	14.067729
75008	1754589	98.046875	12.637450
75264	1757949	98.437500	11.746032
75520	1761740	98.828125	13.798419
75776	1765204	98.437500	12.158730
76032	1768576	99.609375	12.831373
76288	1771877	99.609375	12.552941
76544	1775371	98.828125	12.624506
76800	1778711	99.218750	12.362205
77056	1782220	98.828125	12.683794
77312	1785949	98.437500	13.210317
77568	1789502	97.656250	11.812000
77824	1793335	97.265625	12.582329
78080	1797417	96.484375	12.882591
78336	1801249	98.437500	13.619048
78592	1804788	98.828125	12.802372
78848	1808419	97.265625	11.771084
79104	1812097	97.656250	12.312000
79360	1815469	98.828125	12.142292
79616	1818654	100.000000	12.441406
79872	1822271	98.046875	12.418327
80128	1826139	98.046875	13.418327
80384	1829937	98.046875	13.139442
80640	1833812	97.656250	13.100000
80896	1837586	96.875000	11.991935
81152	1841396	98.046875	13.187251
81408	1844687	99.609375	12.513725
81664	1848467	98.437500	13.412698
81920	1852111	97.656250	12.176000
82176	1855829	98.046875	12.820717
82432	1859051	99.609375	12.243137
82688	1863014	97.265625	13.104418
82944	1866496	98.437500	12.230159
83200	1870192	98.437500	13.079365
83456	1873605	98.828125	12.304348
83712	1877282	98.046875	12.657371
83968	1880944	99.218750	13.629921
84224	1884199	99.609375	12.372549
84480	1887791	98.046875	12.318725
84736	1891295	98.046875	11.968127
84992	1894746	98.828125	12.454545
85248	1897930	99.218750	11.748031
85504	1901230	99.218750	12.204724
85760	1904519	98.828125	11.814229
86016	1907620	99.218750	11.421260
86272	1911435	97.265625	12.510040
86528	1914621	99.218750	11.755906
86784	1917700	99.609375	11.682353
87040	1921154	98.828125	12.466403
87296	1924216	99.609375	11.615686
87552	1927622	98.828125	12.276680
87808	1931026	98.437500	11.920635
88064	1934468	98.828125	12.418972
88320	1937848	98.828125	12.173913
88576	1941522	96.875000	11.588710
88832	1944798	98.828125	11.762846
89088	1947878	99.218750	11.338583
89344	1950917	99.218750	11.177165
89600	1954566	98.437500	12.892857
89856	1958139	98.828125	12.936759
90112	1961613	98.437500	12.198413
90368	1965011	98.828125	12.245059
90624	1968002	99.609375	11.337255
90880	1971282	99.218750	12.125984
91136	1974836	98.437500	12.515873
91392	1978093	99.218750	12.035433
91648	1981299	98.828125	11.486166
91904	1984451	99.218750	11.622047
92160	1987658	98.437500	11.138889
92416	1991130	98.437500	12.190476
92672	1994379	98.828125	11.656126
92928	1998121	97.656250	12.568000
93184	2001517	98.828125	12.237154
93440	2005004	98.828125	12.596838
93696	2008468	99.218750	12.850394
93952	2011691	99.609375	12.247059
94208	2014817	98.828125	11.169960
94464	2018035	99.218750	11.881890
94720	2021249	98.828125	11.517787
94976	2024956	97.656250	12.428000
95232	2028278	99.218750	12.291339
95488	2031502	98.828125	11.557312
95744	2034941	98.828125	12.407115
96000	2038228	99.609375	12.498039
96256	2041325	98.828125	11.055336
96512	2044745	99.218750	12.677165
96768	2047965	99.218750	11.889764
97024	2050787	100.000000	11.023438
97280	2054395	98.437500	12.730159
97536	2057468	98.437500	10.607143
97792	2060352	99.218750	10.566929
98048	2063501	99.218750	11.610236
98304	2067068	99.609375	13.596078
98560	2070156	99.609375	11.717647
98816	2073483	99.218750	12.311024
99072	2077149	98.437500	12.960317
99328	2080676	98.046875	12.059761
99584	2083548	100.000000	11.218750
99840	2086554	99.609375	11.396078
100096	2089642	99.609375	11.717647
100352	2092867	99.218750	11.909449
100608	2096102	98.828125	11.600791
100864	2098956	99.609375	10.800000
101120	2102331	97.656250	11.100000
101376	2105814	99.218750	12.925197
101632	2108978	98.828125	11.320158
101888	2112040	99.218750	11.267717
102144	2115292	98.828125	11.667984
102400	2118716	99.218750	12.692913
102656	2122052	98.828125	12.000000
102912	2125314	98.437500	11.357143
103168	2128736	98.046875	11.641434
103424	2132423	98.828125	13.387352
103680	2135677	98.828125	11.675889
103936	2138984	98.828125	11.885375
104192	2142230	98.437500	11.293651
104448	2145695	98.437500	12.162698
104704	2148753	99.218750	11.251969
104960	2151870	99.609375	11.831373
105216	2155185	98.828125	11.916996
105472	2158352	98.828125	11.332016
105728	2161526	98.828125	11.359684
105984	2164560	99.218750	11.157480
106240	2167648	99.609375	11.717647
106496	2170435	99.218750	10.185039
106752	2173529	99.218750	11.393701
107008	2176559	98.828125	10.790514
107264	2179749	99.218750	11.771654
107520	2182825	99.609375	11.670588
107776	2185955	98.046875	10.478088
108032	2189187	99.218750	11.937008
108288	2192189	98.828125	10.679842
108544	2195304	98.828125	11.126482
108800	2198346	99.609375	11.537255
109056	2201658	98.828125	11.905138
109312	2204542	99.218750	10.566929
109568	2207752	98.828125	11.501976
109824	2210528	99.609375	10.494118
110080	2213626	98.828125	11.059289
110336	2216753	98.828125	11.173913
110592	2219548	99.609375	10.568627
110848	2222757	99.609375	12.192157
111104	2225650	98.828125	10.249012
111360	2228493	99.609375	10.756863
111616	2231779	98.828125	11.802372
111872	2234600	100.000000	11.019531
112128	2237958	98.828125	12.086957
112384	2241005	99.609375	11.556863
112640	2244457	97.265625	11.052209
112896	2247631	98.437500	11.007937
113152	2250567	99.609375	11.121569
113408	2253540	99.218750	10.917323
113664	2256311	100.000000	10.824219
113920	2259257	100.000000	11.507813
114176	2262540	99.609375	12.482353
114432	2265238	100.000000	10.539063
114688	2268159	99.218750	10.712598
114944	2271163	98.437500	10.333333
115200	2273972	99.609375	10.623529
115456	2276952	98.828125	10.592885
115712	2279946	99.609375	11.349020
115968	2282697	99.609375	10.396078
116224	2286036	99.218750	12.358268
116480	2289463	98.437500	12.011905
116736	2292474	99.609375	11.415686
116992	2295805	98.828125	11.980237
117248	2298990	99.218750	11.751969
117504	2301673	99.609375	10.129412
117760	2304491	99.609375	10.658824
118016	2307412	99.218750	10.712598
118272	2310767	98.828125	12.075099
118528	2313690	99.218750	10.720472
118784	2316518	99.609375	10.698039
119040	2319710	99.218750	11.779528
119296	2322851	98.828125	11.229249
119552	2325955	98.828125	11.083004
119808	2328969	99.609375	11.427451
120064	2331990	99.609375	11.454902
120320	2334845	100.000000	11.152344
120576	2337594	99.609375	10.388235
120832	2340620	99.218750	11.125984
121088	2343557	99.609375	11.125490
121344	2346594	98.046875	10.107570
121600	2349735	98.437500	10.876984
121856	2352839	98.828125	11.083004
122112	2355797	99.218750	10.858268
122368	2358753	99.218750	10.850394
122624	2361714	99.218750	10.870079
122880	2364447	99.609375	10.325490
123136	2367613	99.218750	11.677165
123392	2370440	99.609375	10.694118
123648	2373393	100.000000	11.535156
123904	2376227	98.828125	10.015810
124160	2379183	99.609375	11.200000
124416	2381937	99.609375	10.407843
124672	2384807	98.828125	10.158103
124928	2387435	100.000000	10.265625
125184	2389980	99.609375	9.588235
125440	2392777	99.218750	10.224409
125696	2395741	98.828125	10.529644
125952	2398594	99.609375	10.796078
126208	2401684	99.218750	11.377953
126464	2404600	99.218750	10.692913
126720	2407573	98.828125	10.565217
126976	2410564	98.828125	10.636364
127232	2413339	100.000000	10.839844
127488	2416044	99.609375	10.215686
127744	2418800	99.609375	10.415686
128000	2421819	98.828125	10.747036
128256	2424453	100.000000	10.289063
128512	2427399	99.609375	11.160784
128768	2430430	98.828125	10.794466
129024	2433116	99.609375	10.141176
129280	2436078	100.000000	11.570313
129536	2439145	99.609375	11.635294
129792	2442218	98.437500	10.607143
130048	2445163	100.000000	11.503906
130304	2447976	99.218750	10.287402
130560	2450678	99.609375	10.203922
130816	2453226	100.000000	9.953125
131072	2456081	99.609375	10.803922
131328	2459118	98.437500	10.464286
131584	2462037	99.218750	10.704724
131840	2464864	99.609375	10.694118
132096	2467700	99.218750	10.377953
132352	2470685	99.609375	11.313725
132608	2473729	99.218750	11.196850
132864	2476588	99.218750	10.468504
133120	2479302	99.609375	10.250980
133376	2482045	99.218750	10.011811
133632	2485046	99.609375	11.376471
133888	2487568	100.000000	9.851563
134144	2490134	99.609375	9.670588
134400	2492885	100.000000	10.746094
134656	2495719	99.609375	10.721569
134912	2498399	99.609375	10.117647
135168	2501222	99.218750	10.326772
135424	2504170	98.828125	10.466403
135680	2507071	100.000000	11.332031
135936	2509835	100.000000	10.796875
136192	2512585	99.609375	10.392157
136448	2515494	99.218750	10.665354
136704	2518168	100.000000	10.445313
136960	2520760	100.000000	10.125000
137216	2523607	100.000000	11.121094
137472	2526410	99.609375	10.600000
137728	2529042	99.218750	9.574803
137984	2531684	100.000000	10.320313
138240	2534328	100.000000	10.328125
138496	2537074	99.609375	10.376471
138752	2540157	98.828125	11.000000
139008	2543104	98.828125	10.462451
139264	2545711	100.000000	10.183594
139520	2548505	100.000000	10.914063
139776	2551220	99.609375	10.254902
140032	2554174	99.609375	11.192157
140288	2556888	99.609375	10.250980
140544	2559554	100.000000	10.414063
140800	2562405	99.609375	10.788235
141056	2564984	100.000000	10.074219
141312	2567515	100.000000	9.886719
141568	2570155	99.609375	9.960784
141824	2572876	99.609375	10.278431
142080	2575621	99.218750	10.019685
142336	2578392	100.000000	10.824219
142592	2581100	99.609375	10.227451
142848	2583620	100.000000	9.843750
143104	2586252	99.609375	9.929412
143360	2588840	100.000000	10.109375
143616	2591577	99.609375	10.341176
143872	2594345	99.218750	10.110236
144128	2596955	100.000000	10.195313
144384	2599645	99.609375	10.156863
144640	2602394	99.609375	10.388235
144896	2605237	99.218750	10.405512
145152	2608110	99.218750	10.523622
145408	2610916	99.609375	10.611765
145664	2613776	100.000000	11.171875
145920	2616338	99.609375	9.654902
146176	2618999	99.609375	10.043137
146432	2621491	99.609375	9.380392
146688	2624296	99.609375	10.607843
146944	2627018	99.218750	9.929134
147200	2629747	99.609375	10.309804
147456	2632407	100.000000	10.390625
147712	2635542	98.437500	10.853175
147968	2638246	100.000000	10.562500
148224	2640832	100.000000	10.101563
148480	2643809	99.609375	11.282353
148736	2646536	99.609375	10.301961
148992	2649268	99.218750	9.968504
149248	2651792	100.000000	9.859375
149504	2654521	99.609375	10.309804
149760	2657107	99.218750	9.393701
150016	2660057	98.828125	10.474308
150272	2662821	100.000000	10.796875
150528	2665422	100.000000	10.160156
150784	2668063	99.609375	9.964706
151040	2670586	99.609375	9.501961
151296	2673204	100.000000	10.226563
