256	23569	9.375000	15.375000
512	43851	26.953125	22.927536
768	64626	22.656250	16.810345
1024	85374	22.656250	16.344828
1280	105539	25.781250	17.651515
1536	124661	32.031250	21.000000
1792	141178	43.750000	18.901786
2048	158133	43.359375	22.117117
2304	172835	54.296875	21.597122
2560	188085	49.609375	18.503937
2816	202963	53.906250	22.304348
3072	217975	53.515625	22.715328
3328	231655	58.203125	20.000000
3584	244555	62.890625	21.118012
3840	258113	58.984375	20.251656
4096	271531	62.109375	23.383648
4352	282458	71.093750	19.379121
4608	293011	73.828125	20.386243
4864	303643	76.562500	23.632653
5120	314765	72.265625	21.740541
5376	325185	77.343750	23.333333
5632	335721	74.609375	21.130890
5888	345552	77.734375	20.758794
6144	355077	79.687500	21.200980
6400	364537	82.421875	23.507109
6656	375054	77.343750	23.823232
6912	384317	80.078125	20.307317
7168	394192	78.125000	21.375000
7424	404024	78.125000	21.160000
7680	411852	87.109375	20.304933
7936	419396	87.500000	19.392857
8192	427098	88.281250	20.805310
8448	434807	89.062500	21.530702
8704	442559	88.281250	21.026549
8960	449885	90.625000	21.232759
9216	457857	85.937500	19.872727
9472	466514	84.765625	21.921659
9728	473543	90.234375	19.606061
9984	481274	87.500000	20.227679
10240	487992	90.625000	18.612069
10496	495571	91.015625	22.656652
10752	502796	91.796875	21.808511
11008	509417	90.625000	18.193966
11264	515927	91.406250	18.418803
11520	523624	89.062500	21.478070
11776	530153	93.750000	20.537500
12032	537424	90.234375	20.653680
12288	544439	89.843750	19.195652
12544	551080	91.796875	19.323404
12800	557282	93.359375	18.836820
13056	564488	88.281250	18.610619
13312	571729	90.234375	20.523810
13568	578029	94.531250	20.247934
13824	584822	92.187500	20.309322
14080	591123	92.187500	18.224576
14336	598668	89.843750	21.500000
14592	606006	89.843750	20.600000
14848	612694	91.406250	19.179487
15104	618062	96.484375	18.089069
15360	624618	93.750000	20.650000
15616	631122	93.750000	20.433333
15872	637194	94.531250	19.305785
16128	643681	93.750000	20.362500
16384	650097	93.750000	20.066667
16640	656926	91.406250	19.782051
16896	662950	94.140625	18.771784
17152	668808	94.921875	18.757202
17408	675354	91.796875	18.919149
17664	682349	90.625000	19.806034
17920	688391	92.968750	17.823529
18176	694391	94.921875	19.341564
18432	701114	89.843750	17.926087
18688	707394	91.796875	17.787234
18944	713867	92.187500	18.953390
19200	720889	91.796875	20.944681
19456	727128	92.968750	18.651261
19712	733223	92.968750	18.046218
19968	738597	96.875000	18.443548
20224	744840	92.968750	18.668067
20480	751251	92.968750	19.373950
20736	757742	89.843750	16.917391
20992	763228	96.093750	18.235772
21248	769475	92.187500	17.995763
21504	776047	89.843750	17.269565
21760	781859	93.750000	17.550000
22016	787847	94.921875	19.292181
22272	793931	92.187500	17.305085
22528	800434	92.968750	19.760504
22784	806331	93.359375	17.560669
23040	812239	94.531250	18.628099
23296	818044	92.968750	16.827731
23552	823483	96.484375	18.376518
23808	828904	96.093750	17.971545
24064	834970	94.140625	18.946058
24320	840812	96.093750	19.682927
24576	845966	97.265625	17.887550
24832	851849	96.093750	19.849593
25088	858529	90.625000	18.448276
25344	863959	96.875000	18.669355
25600	869991	91.796875	16.731915
25856	876225	92.578125	18.286920
26112	881705	96.484375	18.542510
26368	887042	94.531250	16.268595
26624	892780	94.531250	17.925620
26880	898356	95.703125	18.269388
27136	903306	97.656250	17.400000
27392	909326	93.750000	18.416667
27648	915701	92.968750	19.222689
27904	921487	94.531250	18.123967
28160	926449	98.437500	18.103175
28416	931954	96.875000	18.971774
28672	937530	95.312500	17.934426
28928	943677	92.968750	18.264706
29184	948867	94.921875	16.008230
29440	953986	95.703125	16.404082
29696	959162	94.531250	15.603306
29952	964523	95.312500	17.053279
30208	970134	94.921875	17.740741
30464	975175	96.875000	17.100806
30720	980196	96.484375	16.684211
30976	985323	96.093750	16.776423
31232	991311	92.968750	17.596639
31488	996552	96.093750	17.239837
31744	1001690	96.093750	16.821138
32000	1007111	95.312500	17.299180
32256	1012256	96.093750	16.849593
32512	1017204	96.484375	16.388664
32768	1022629	93.359375	15.585774
33024	1028395	93.359375	17.012552
33280	1033605	94.140625	15.394191
33536	1038960	95.703125	17.367347
33792	1043993	96.093750	16.394309
34048	1048841	96.875000	16.322581
34304	1053996	94.921875	15.864198
34560	1058564	97.656250	15.872000
34816	1062811	96.875000	13.899194
35072	1067505	96.875000	15.701613
35328	1072645	95.703125	16.489796
35584	1077124	98.046875	15.852590
35840	1081779	96.093750	14.857724
36096	1086857	94.921875	15.547325
36352	1091841	97.265625	17.204819
36608	1096813	95.703125	15.804082
36864	1101600	97.656250	16.748000
37120	1106355	97.656250	16.620000
37376	1111238	98.828125	18.114625
37632	1116500	96.093750	17.325203
37888	1121350	97.265625	16.666667
38144	1126714	94.531250	16.380165
38400	1131613	96.093750	15.849593
38656	1136490	97.265625	16.775100
38912	1142027	94.140625	16.751037
39168	1147279	95.312500	16.606557
39424	1152232	95.703125	15.726531
39680	1157433	94.921875	16.053498
39936	1162146	97.656250	16.452000
40192	1167402	95.312500	16.622951
40448	1172928	96.093750	18.398374
40704	1177357	97.656250	15.316000
40960	1182648	95.703125	17.106122
41216	1187433	96.093750	15.386179
41472	1192131	98.046875	16.725100
41728	1197084	96.875000	16.745968
41984	1202070	96.484375	16.542510
42240	1206822	95.703125	14.906122
42496	1211835	95.703125	15.971429
42752	1216404	96.484375	14.854251
43008	1220572	98.828125	15.288538
43264	1225796	95.703125	16.832653
43520	1230383	97.656250	15.948000
43776	1235091	97.265625	16.096386
44032	1239852	98.046875	16.976096
44288	1244625	96.484375	15.680162
44544	1249285	98.046875	16.573705
44800	1254130	95.703125	15.285714
45056	1258571	97.656250	15.364000
45312	1262975	97.656250	15.216000
45568	1267627	97.265625	15.871486
45824	1271852	98.046875	14.840637
46080	1276283	98.046875	15.661355
46336	1280755	96.093750	14.113821
46592	1285254	96.484375	14.570850
46848	1289450	98.046875	14.725100
47104	1294221	96.093750	15.329268
47360	1298588	95.703125	13.334694
47616	1303004	98.046875	15.601594
47872	1307678	97.656250	16.296000
48128	1312687	95.312500	15.610656
48384	1317838	93.750000	14.795833
48640	1322051	97.265625	14.108434
48896	1326975	96.875000	16.629032
49152	1331488	96.875000	14.971774
49408	1335804	96.484375	13.829960
49664	1339972	98.437500	14.952381
49920	1344178	98.828125	15.438735
50176	1348156	98.437500	14.198413
50432	1352390	96.875000	13.846774
50688	1356141	98.828125	13.640316
50944	1360580	98.437500	16.027778
51200	1364626	98.046875	14.127490
51456	1368892	99.218750	16.007874
51712	1373358	97.656250	15.464000
51968	1377803	97.656250	15.380000
52224	1381815	98.046875	13.992032
52480	1385738	98.828125	14.320158
52736	1389429	99.218750	13.744094
52992	1394028	96.484375	14.975709
53248	1398113	99.218750	15.295276
53504	1402205	98.046875	14.310757
53760	1406992	96.484375	15.736842
54016	1410662	98.437500	12.976190
54272	1415038	96.875000	14.419355
54528	1419380	97.265625	14.626506
54784	1423328	98.437500	14.079365
55040	1427695	96.484375	14.036437
55296	1431639	98.828125	14.403162
55552	1436007	97.656250	15.072000
55808	1440042	98.437500	14.424603
56064	1444032	98.437500	14.246032
56320	1448139	97.656250	14.028000
56576	1451833	99.609375	14.094118
56832	1455638	98.437500	13.511905
57088	1460029	97.265625	14.823293
57344	1464020	98.828125	14.588933
57600	1468280	98.046875	14.980080
57856	1472122	98.046875	13.314741
58112	1476080	98.046875	13.776892
58368	1480004	98.437500	13.984127
58624	1484193	97.656250	14.356000
58880	1488011	98.046875	13.219124
59136	1491649	98.046875	12.501992
59392	1495773	98.046875	14.438247
59648	1499744	97.265625	13.136546
59904	1503800	97.265625	13.477912
60160	1507716	98.046875	13.609562
60416	1511454	98.437500	13.246032
60672	1515506	98.828125	14.830040
60928	1519783	97.265625	14.365462
61184	1524017	96.484375	13.497976
61440	1528343	96.875000	14.217742
61696	1532287	98.046875	13.721116
61952	1535948	98.437500	12.940476
62208	1539999	97.656250	13.804000
62464	1544203	96.875000	13.725806
62720	1548158	97.656250	13.420000
62976	1552287	97.656250	14.116000
63232	1556239	98.046875	13.752988
63488	1560291	98.437500	14.492063
63744	1564450	98.046875	14.577689
64000	1568203	100.000000	14.660156
64256	1571681	98.828125	12.561265
64512	1575495	98.437500	13.547619
64768	1579077	98.828125	12.972332
65024	1582948	97.656250	13.084000
65280	1586688	98.828125	13.596838
65536	1590527	97.265625	12.606426
65792	1594226	98.828125	13.434783
66048	1598193	98.828125	14.494071
66304	1602092	98.046875	13.541833
66560	1606348	98.437500	15.301587
66816	1610001	98.828125	13.252964
67072	1614197	97.656250	14.384000
67328	1617625	99.609375	13.050980
67584	1621580	98.437500	14.107143
67840	1625182	98.437500	12.706349
68096	1629088	98.046875	13.569721
68352	1632637	98.046875	12.147410
68608	1636407	98.046875	13.027888
68864	1640209	98.437500	13.500000
69120	1643955	98.437500	13.277778
69376	1647913	98.046875	13.776892
69632	1651590	98.828125	13.347826
69888	1655265	98.046875	12.649402
70144	1658975	97.656250	12.440000
70400	1662671	98.046875	12.733068
70656	1666318	99.218750	13.570866
70912	1670044	98.437500	13.198413
71168	1673792	99.218750	13.968504
71424	1677644	98.828125	14.039526
71680	1681315	99.218750	13.665354
71936	1684760	99.218750	12.775591
72192	1688521	97.656250	12.644000
72448	1692458	97.656250	13.348000
72704	1696248	98.046875	13.107570
72960	1699740	99.218750	12.960630
73216	1703133	99.609375	12.913725
73472	1706577	99.218750	12.771654
73728	1710610	97.656250	13.732000
73984	1714263	98.437500	12.908730
74240	1717945	98.046875	12.677291
74496	1721916	98.046875	13.828685
74752	1725709	98.437500	13.464286
75008	1729635	97.265625	12.955823
75264	1733161	99.218750	13.094488
75520	1736769	97.656250	12.032000
75776	1740488	97.656250	12.476000
76032	1744220	98.437500	13.222222
76288	1748404	98.046875	14.677291
76544	1751786	98.828125	12.181818
76800	1755120	98.828125	11.992095
77056	1758252	100.000000	12.234375
77312	1762072	98.046875	13.227092
77568	1765411	99.218750	12.358268
77824	1769143	98.046875	12.876494
78080	1772580	98.828125	12.399209
78336	1776300	97.265625	12.128514
78592	1779683	98.828125	12.185771
78848	1783279	98.046875	12.334661
79104	1786657	100.000000	13.195313
79360	1790197	98.828125	12.806324
79616	1793724	98.437500	12.408730
79872	1797321	98.828125	13.031621
80128	1801220	98.046875	13.541833
80384	1804886	97.656250	12.264000
80640	1808314	100.000000	13.390625
80896	1811969	98.437500	12.916667
81152	1815708	98.046875	12.904382
81408	1818995	98.828125	11.806324
81664	1822405	98.828125	12.292490
81920	1825890	98.437500	12.242063
82176	1829206	100.000000	12.953125
82432	1832819	97.656250	12.052000
82688	1836571	97.265625	12.257028
82944	1840093	97.265625	11.333333
83200	1843515	98.046875	11.641434
83456	1847102	98.828125	12.992095
83712	1850954	97.265625	12.658635
83968	1854349	99.609375	12.921569
84224	1857823	98.437500	12.198413
84480	1861570	97.656250	12.588000
84736	1865338	97.265625	12.321285
84992	1868375	99.609375	11.517647
85248	1871700	98.437500	11.607143
85504	1874949	99.218750	12.003937
85760	1878343	99.218750	12.574803
86016	1882020	98.046875	12.657371
86272	1885619	98.437500	12.694444
86528	1889246	98.437500	12.805556
86784	1892581	98.828125	11.996047
87040	1895777	99.609375	12.141176
87296	1899576	98.046875	13.143426
87552	1903051	99.218750	12.893701
87808	1906482	98.828125	12.375494
88064	1909692	99.609375	12.196078
88320	1913137	98.828125	12.430830
88576	1916871	97.656250	12.536000
88832	1920418	99.609375	13.517647
89088	1923650	100.000000	12.625000
89344	1927619	98.046875	13.820717
89600	1930843	99.218750	11.905512
89856	1934143	99.218750	12.204724
90112	1937647	98.828125	12.664032
90368	1940905	99.218750	12.039370
90624	1944380	98.828125	12.549407
90880	1947840	98.828125	12.490119
91136	1951397	98.828125	12.873518
91392	1954609	98.437500	11.158730
91648	1958189	97.656250	11.920000
91904	1961559	98.046875	11.434263
92160	1964854	99.609375	12.529412
92416	1968278	98.437500	12.000000
92672	1972106	98.046875	13.258964
92928	1975679	98.828125	12.936759
93184	1979312	98.437500	12.829365
93440	1982436	98.828125	11.162055
93696	1985849	99.218750	12.649606
93952	1989308	99.218750	12.830709
94208	1992563	99.609375	12.372549
94464	1995781	99.609375	12.227451
94720	1998905	99.218750	11.511811
94976	2002143	99.609375	12.305882
95232	2005675	98.437500	12.428571
95488	2009000	99.609375	12.647059
95744	2012429	98.437500	12.019841
96000	2015511	100.000000	12.039063
96256	2018778	99.218750	12.074803
96512	2021779	99.218750	11.027559
96768	2024791	99.609375	11.419608
97024	2027910	100.000000	12.183594
97280	2031150	99.218750	11.968504
97536	2034774	98.046875	12.446215
97792	2038045	98.437500	11.392857
98048	2041262	99.218750	11.877953
98304	2044655	99.218750	12.570866
98560	2047574	100.000000	11.402344
98816	2050832	99.218750	12.039370
99072	2054050	99.218750	11.881890
99328	2057397	99.218750	12.389764
99584	2060846	98.046875	11.749004
99840	2063845	100.000000	11.714844
100096	2066928	98.828125	11.000000
100352	2070247	98.828125	11.932806
100608	2073618	98.437500	11.789683
100864	2076486	100.000000	11.203125
101120	2079759	98.437500	11.400794
101376	2082866	99.218750	11.444882
101632	2086057	99.218750	11.775591
101888	2089143	99.218750	11.362205
102144	2092095	99.609375	11.184314
102400	2095207	99.218750	11.464567
102656	2098507	98.828125	11.857708
102912	2101704	98.828125	11.450593
103168	2104445	100.000000	10.707031
103424	2107654	99.609375	12.192157
103680	2111351	96.484375	11.323887
103936	2114149	99.609375	10.580392
104192	2117071	99.609375	11.066667
104448	2120067	99.218750	11.007874
104704	2123351	98.437500	11.444444
104960	2126431	99.609375	11.686275
105216	2129637	98.828125	11.486166
105472	2132977	98.828125	12.015810
105728	2136012	99.609375	11.509804
105984	2138990	98.828125	10.584980
106240	2142193	99.609375	12.168627
106496	2145201	99.609375	11.403922
106752	2148214	99.609375	11.423529
107008	2151193	99.218750	10.940945
107264	2154192	99.218750	11.019685
107520	2157508	98.437500	11.571429
107776	2160842	98.828125	11.992095
108032	2163930	98.437500	10.666667
108288	2167119	98.828125	11.418972
108544	2170244	98.828125	11.166008
108800	2173645	98.046875	11.557769
109056	2176981	98.046875	11.298805
109312	2180138	98.828125	11.292490
109568	2183186	99.218750	11.212598
109824	2186400	98.046875	10.812749
110080	2189832	98.437500	12.031746
110336	2193270	98.046875	11.705179
110592	2196640	98.828125	12.134387
110848	2199591	99.218750	10.830709
111104	2202842	99.609375	12.356863
111360	2205661	99.218750	10.311024
111616	2208566	99.218750	10.649606
111872	2211518	99.609375	11.184314
112128	2214602	99.218750	11.354331
112384	2217913	99.218750	12.248031
112640	2220876	98.828125	10.525692
112896	2223673	99.609375	10.576471
113152	2226940	99.609375	12.419608
113408	2230207	99.218750	12.074803
113664	2233359	99.218750	11.622047
113920	2236084	99.609375	10.294118
114176	2239053	99.218750	10.901575
114432	2241877	99.609375	10.682353
114688	2244890	98.437500	10.369048
114944	2247743	99.609375	10.796078
115200	2250919	98.828125	11.367589
115456	2254253	98.046875	11.290837
115712	2257361	99.218750	11.448819
115968	2260795	97.656250	11.336000
116224	2263859	98.046875	10.215139
116480	2266868	98.828125	10.707510
116736	2270183	98.437500	11.567460
116992	2273178	98.437500	10.297619
117248	2276268	99.218750	11.377953
117504	2279195	99.218750	10.736220
117760	2282427	98.437500	11.238095
118016	2285545	98.828125	11.138340
118272	2288465	99.218750	10.708661
118528	2291407	99.218750	10.795276
118784	2294747	98.437500	11.666667
119040	2297904	98.437500	10.940476
119296	2300891	99.609375	11.321569
119552	2303680	99.609375	10.545098
119808	2306765	98.828125	11.007905
120064	2309672	99.609375	11.007843
120320	2312719	98.828125	10.857708
120576	2315580	98.828125	10.122530
120832	2318270	99.609375	10.156863
121088	2321471	98.437500	11.115079
121344	2324579	99.218750	11.448819
121600	2327474	100.000000	11.308594
121856	2330574	99.218750	11.417323
122112	2333664	99.218750	11.377953
122368	2336282	100.000000	10.226563
122624	2339489	98.437500	11.138889
122880	2342190	100.000000	10.550781
123136	2345272	98.828125	10.996047
123392	2348147	99.218750	10.531496
123648	2350913	100.000000	10.804688
123904	2353934	99.609375	11.454902
124160	2356779	99.609375	10.764706
124416	2360024	98.828125	11.640316
124672	2363028	98.828125	10.687747
124928	2365690	99.609375	10.047059
125184	2368515	100.000000	11.035156
125440	2371283	100.000000	10.812500
125696	2374227	99.609375	11.152941
125952	2376845	99.609375	9.874510
126208	2379933	98.828125	11.019763
126464	2382859	99.218750	10.732283
126720	2385556	100.000000	10.535156
126976	2388629	98.437500	10.607143
127232	2391455	99.218750	10.338583
127488	2394173	100.000000	10.617188
127744	2397410	98.437500	11.257937
128000	2400491	97.656250	9.924000
128256	2403115	100.000000	10.250000
128512	2406131	98.828125	10.735178
128768	2409141	98.828125	10.711462
129024	2411864	100.000000	10.636719
129280	2414667	100.000000	10.949219
129536	2417786	99.218750	11.492126
129792	2420678	100.000000	11.296875
130048	2423298	100.000000	10.234375
130304	2426097	99.609375	10.584314
130560	2428946	99.609375	10.780392
130816	2431516	100.000000	10.039063
131072	2434310	99.609375	10.564706
131328	2437157	99.609375	10.772549
131584	2439935	99.609375	10.501961
131840	2443104	98.828125	11.339921
132096	2446112	98.828125	10.703557
132352	2448817	100.000000	10.566406
132608	2451603	99.609375	10.533333
132864	2454394	99.609375	10.552941
133120	2457523	98.828125	11.181818
133376	2460430	99.609375	11.007843
133632	2463310	99.218750	10.551181
133888	2466071	99.218750	10.082677
134144	2468911	99.218750	10.393701
134400	2471668	99.218750	10.066929
134656	2474289	99.218750	9.531496
134912	2477069	99.609375	10.509804
135168	2479891	100.000000	11.023438
135424	2482864	98.437500	10.210317
135680	2485635	98.828125	9.766798
135936	2488141	100.000000	9.789063
136192	2491046	99.218750	10.649606
136448	2494065	99.218750	11.098425
136704	2496887	99.218750	10.322835
136960	2499438	100.000000	9.964844
137216	2502179	100.000000	10.707031
137472	2504932	99.609375	10.403922
137728	2508034	99.218750	11.425197
137984	2510855	99.609375	10.670588
138240	2513456	99.609375	9.807843
138496	2516181	99.218750	9.940945
138752	2519087	99.218750	10.653543
139008	2522023	99.218750	10.771654
139264	2524789	99.609375	10.454902
139520	2527556	100.000000	10.808594
139776	2530503	99.218750	10.814961
140032	2533342	100.000000	11.089844
140288	2536049	99.218750	9.870079
140544	2538672	99.609375	9.894118
140800	2541607	98.828125	10.415020
141056	2544385	99.609375	10.501961
141312	2547153	100.000000	10.812500
141568	2549863	100.000000	10.585938
141824	2552457	99.609375	9.780392
142080	2555392	99.218750	10.767717
142336	2557928	100.000000	9.906250
142592	2560495	100.000000	10.027344
142848	2563486	98.828125	10.636364
143104	2566063	100.000000	10.066406
143360	2568841	99.218750	10.149606
143616	2571666	99.218750	10.334646
143872	2574314	99.609375	9.992157
144128	2577141	99.218750	10.342520
144384	2579852	99.609375	10.239216
144640	2582782	99.609375	11.098039
144896	2585571	99.218750	10.192913
145152	2588232	99.609375	10.043137
145408	2590933	100.000000	10.550781
145664	2593630	99.609375	10.184314
145920	2596462	98.828125	10.007905
146176	2599526	99.218750	11.275591
146432	2602290	99.218750	10.094488
146688	2605238	99.609375	11.168627
146944	2607717	100.000000	9.683594
147200	2610405	99.218750	9.795276
147456	2613156	99.609375	10.396078
147712	2615629	99.609375	9.305882
147968	2618588	99.218750	10.862205
148224	2621224	99.609375	9.945098
148480	2623951	99.218750	9.948819
148736	2627065	98.828125	11.122530
148992	2629670	100.000000	10.175781
149248	2632531	98.828125	10.122530
149504	2635376	99.218750	10.413386
149760	2638174	99.609375	10.580392
150016	2640664	99.609375	9.372549
150272	2643419	99.609375	10.411765
150528	2646268	98.828125	10.075099
150784	2649181	99.218750	10.681102
151040	2651946	98.828125	9.743083
151296	2654609	100.000000	10.402344
151552	2657187	99.609375	9.717647
151808	2659809	99.218750	9.535433
152064	2662581	98.828125	9.770751
152320	2665123	99.609375	9.576471
152576	2667937	99.218750	10.291339
152832	2670829	98.828125	10.245059
153088	2673369	99.609375	9.568627
153344	2675933	100.000000	10.015625
153600	2678524	99.609375	9.768627
153856	2681108	100.000000	10.093750
154112	2683774	99.609375	10.062745
154368	2686523	98.828125	9.679842
154624	2689476	98.437500	10.130952
154880	2691952	100.000000	9.671875
155136	2694522	99.609375	9.686275
155392	2697191	99.609375	10.074510
155648	2699814	99.218750	9.539370
155904	2702253	100.000000	9.527344
156160	2705015	99.609375	10.439216
156416	2707491	99.609375	9.317647
156672	2710337	98.828125	10.063241
156928	2712869	100.000000	9.890625
157184	2715393	100.000000	9.859375
157440	2717804	100.000000	9.417969
157696	2720270	100.000000	9.632813
157952	2722971	99.218750	9.846457
158208	2725662	99.609375	10.160784
158464	2728418	99.609375	10.415686
158720	2730907	100.000000	9.722656
158976	2733513	99.609375	9.827451
159232	2736413	98.828125	10.276680
159488	2738955	100.000000	9.929688
159744	2741505	100.000000	9.960938
160000	2744149	99.609375	9.976471
160256	2746857	99.218750	9.874016
160512	2749389	99.609375	9.537255
160768	2751997	99.609375	9.835294
161024	2754572	99.609375	9.705882
161280	2757162	99.609375	9.764706
161536	2759699	100.000000	9.910156
161792	2762309	100.000000	10.195313
162048	2765229	98.828125	10.355731
162304	2767921	99.218750	9.811024
162560	2770366	100.000000	9.550781
162816	2772848	100.000000	9.695313
163072	2775499	99.609375	10.003922
163328	2778493	98.437500	10.293651
163584	2781096	100.000000	10.167969
163840	2783739	100.000000	10.324219
164096	2786460	99.218750	9.925197
164352	2788911	99.609375	9.219608
164608	2791674	100.000000	10.792969
164864	2794184	100.000000	9.804688
165120	2796771	99.218750	9.397638
165376	2799219	99.609375	9.207843
165632	2801778	100.000000	9.996094
165888	2804439	99.609375	10.043137
166144	2806882	100.000000	9.542969
166400	2809554	100.000000	10.437500
166656	2812307	99.218750	10.051181
166912	2814974	99.609375	10.066667
167168	2817613	99.609375	9.956863
167424	2820184	99.609375	9.690196
167680	2822797	99.609375	9.854902
167936	2825393	100.000000	10.140625
168192	2827916	100.000000	9.855469
168448	2830427	99.609375	9.454902
168704	2833011	99.609375	9.741176
168960	2835692	99.218750	9.767717
169216	2838388	99.609375	10.180392
169472	2840999	98.828125	9.134387
169728	2843799	99.218750	10.236220
169984	2846268	99.609375	9.290196
170240	2848611	100.000000	9.152344
170496	2851082	100.000000	9.652344
170752	2853688	99.609375	9.827451
171008	2856197	99.218750	9.090551
171264	2858822	99.609375	9.901961
171520	2861273	99.609375	9.219608
171776	2863864	99.218750	9.413386
172032	2866360	99.609375	9.396078
172288	2868974	99.609375	9.858824
172544	2871402	99.609375	9.129412
172800	2873932	99.218750	9.173228
173056	2876535	99.609375	9.815686
173312	2879081	99.609375	9.592157
173568	2881881	99.609375	10.588235
173824	2884420	99.609375	9.564706
174080	2887157	99.218750	9.988189
174336	2889746	100.000000	10.113281
174592	2892076	100.000000	9.101563
174848	2894819	98.828125	9.656126
175104	2897523	100.000000	10.562500
175360	2900339	98.828125	9.944664
175616	2902866	100.000000	9.871094
175872	2905653	99.609375	10.537255
176128	2908149	99.609375	9.396078
176384	2910500	100.000000	9.183594
176640	2913104	99.609375	9.819608
176896	2915683	99.609375	9.721569
177152	2918375	99.609375	10.164706
177408	2920699	100.000000	9.078125
177664	2923204	100.000000	9.785156
177920	2925672	99.609375	9.286275
178176	2928519	98.437500	9.710317
178432	2930851	100.000000	9.109375
178688	2933382	100.000000	9.886719
178944	2935798	99.609375	9.082353
179200	2938356	99.609375	9.639216
179456	2940863	99.609375	9.439216
179712	2943390	99.609375	9.517647
179968	2945790	100.000000	9.375000
180224	2948153	100.000000	9.230469
180480	2950557	99.609375	9.035294
180736	2953147	99.609375	9.764706
180992	2955748	100.000000	10.160156
181248	2958434	99.218750	9.787402
181504	2961234	100.000000	10.937500
181760	2963667	99.609375	9.149020
182016	2966128	100.000000	9.613281
182272	2968510	100.000000	9.304688
182528	2970913	100.000000	9.386719
182784	2973338	99.609375	9.117647
183040	2975663	100.000000	9.082031
183296	2978096	99.609375	9.149020
183552	2980612	99.218750	9.118110
183808	2983019	99.609375	9.047059
184064	2985496	100.000000	9.675781
184320	2987759	99.609375	8.482353
184576	2990172	100.000000	9.425781
184832	2992700	99.609375	9.521569
185088	2995153	99.609375	9.227451
185344	2997567	100.000000	9.429688
185600	3000222	99.218750	9.665354
185856	3002722	99.609375	9.411765
186112	3005404	99.218750	9.771654
186368	3008128	99.218750	9.937008
186624	3010643	100.000000	9.824219
186880	3013072	100.000000	9.488281
187136	3015570	99.609375	9.403922
187392	3018190	100.000000	10.234375
187648	3020531	100.000000	9.144531
187904	3022965	99.609375	9.152941
188160	3025105	100.000000	8.359375
188416	3027476	100.000000	9.261719
188672	3029867	100.000000	9.339844
188928	3032281	100.000000	9.429688
189184	3034707	100.000000	9.476563
189440	3037170	99.609375	9.266667
189696	3039449	100.000000	8.902344
189952	3041974	99.609375	9.509804
190208	3044375	100.000000	9.378906
190464	3046911	99.609375	9.552941
190720	3049401	99.609375	9.372549
190976	3051733	100.000000	9.109375
191232	3054003	100.000000	8.867188
191488	3056426	99.609375	9.109804
191744	3058728	100.000000	8.992188
192000	3061110	99.609375	8.949020
192256	3063619	100.000000	9.800781
192512	3066143	99.609375	9.505882
192768	3068576	100.000000	9.503906
193024	3070949	100.000000	9.269531
193280	3073274	100.000000	9.082031
193536	3075621	99.609375	8.811765
193792	3077957	100.000000	9.125000
194048	3080380	100.000000	9.464844
194304	3082782	100.000000	9.382813
194560	3085125	100.000000	9.152344
194816	3087616	100.000000	9.730469
195072	3089833	100.000000	8.660156
195328	3092273	100.000000	9.531250
195584	3094699	100.000000	9.476563
195840	3097209	99.609375	9.450980
196096	3099621	100.000000	9.421875
196352	3101928	100.000000	9.011719
196608	3104275	100.000000	9.167969
196864	3106759	100.000000	9.703125
197120	3109051	100.000000	8.953125
197376	3111478	100.000000	9.480469
197632	3113843	100.000000	9.238281
197888	3116672	99.218750	10.350394
198144	3119257	99.218750	9.389764
198400	3121584	100.000000	9.089844
198656	3124221	99.609375	9.949020
198912	3126521	100.000000	8.984375
199168	3129023	100.000000	9.773438
199424	3131250	100.000000	8.699219
199680	3133535	99.609375	8.568627
199936	3135991	100.000000	9.593750
200192	3138364	100.000000	9.269531
200448	3140683	100.000000	9.058594
200704	3143047	99.609375	8.878431
200960	3145599	99.609375	9.615686
201216	3148005	100.000000	9.398438
201472	3150280	100.000000	8.886719
201728	3152667	100.000000	9.324219
201984	3155003	99.609375	8.768627
202240	3157465	100.000000	9.617188
202496	3159749	100.000000	8.921875
202752	3162104	100.000000	9.199219
203008	3164492	100.000000	9.328125
203264	3166889	99.609375	9.007843
203520	3169291	100.000000	9.382813
203776	3171574	100.000000	8.917969
204032	3174092	99.609375	9.482353
204288	3176289	100.000000	8.582031
204544	3178558	100.000000	8.863281
204800	3180809	99.609375	8.435294
205056	3183207	100.000000	9.367188
205312	3185470	100.000000	8.839844
205568	3187895	99.609375	9.117647
205824	3190270	100.000000	9.277344
206080	3192460	100.000000	8.554688
206336	3194794	100.000000	9.117188
206592	3197313	99.218750	9.129921
206848	3199672	99.609375	8.858824
207104	3202071	99.609375	9.015686
207360	3204300	100.000000	8.707031
207616	3206469	100.000000	8.472656
207872	3208717	100.000000	8.781250
208128	3211004	100.000000	8.933594
208384	3213527	99.609375	9.501961
208640	3215854	100.000000	9.089844
208896	3218290	99.609375	9.160784
209152	3220547	100.000000	8.816406
209408	3222894	99.609375	8.811765
209664	3225209	100.000000	9.042969
209920	3227401	100.000000	8.562500
210176	3229749	100.000000	9.171875
210432	3232036	100.000000	8.933594
210688	3234250	100.000000	8.648438
210944	3236518	100.000000	8.859375
211200	3238948	100.000000	9.492188
211456	3241249	100.000000	8.988281
211712	3243686	100.000000	9.519531
211968	3246056	99.609375	8.901961
212224	3248575	99.609375	9.486275
212480	3250898	100.000000	9.074219
212736	3253395	99.609375	9.400000
212992	3255760	100.000000	9.238281
213248	3258156	99.609375	9.003922
213504	3260569	100.000000	9.425781
213760	3262999	99.609375	9.137255
214016	3265242	100.000000	8.761719
214272	3267622	100.000000	9.296875
214528	3270100	99.609375	9.325490
214784	3272401	100.000000	8.988281
215040	3274645	100.000000	8.765625
215296	3277053	99.609375	9.050980
215552	3279537	100.000000	9.703125
215808	3281697	99.609375	8.078431
216064	3283963	99.609375	8.494118
216320	3286221	100.000000	8.820313
216576	3288378	100.000000	8.425781
216832	3290685	100.000000	9.011719
217088	3293129	99.609375	9.192157
217344	3295424	100.000000	8.964844
217600	3297930	100.000000	9.789063
217856	3300058	100.000000	8.312500
218112	3302224	100.000000	8.460938
218368	3304635	99.609375	9.062745
218624	3306866	100.000000	8.714844
218880	3309020	100.000000	8.414063
219136	3311136	100.000000	8.265625
219392	3313445	100.000000	9.019531
219648	3315705	100.000000	8.828125
219904	3317940	100.000000	8.730469
220160	3320346	99.609375	9.043137
220416	3322608	99.609375	8.478431
220672	3324850	100.000000	8.757813
220928	3327195	100.000000	9.160156
221184	3329488	100.000000	8.957031
221440	3331788	99.609375	8.627451
221696	3334118	100.000000	9.101563
221952	3336302	100.000000	8.531250
222208	3338710	99.218750	8.692913
222464	3340945	100.000000	8.730469
222720	3343162	100.000000	8.660156
222976	3345448	100.000000	8.929688
223232	3347803	99.609375	8.843137
223488	3350023	99.609375	8.313725
223744	3352200	100.000000	8.503906
224000	3354615	100.000000	9.433594
224256	3356960	99.609375	8.803922
224512	3359318	99.609375	8.854902
224768	3361672	100.000000	9.195313
225024	3363939	100.000000	8.855469
225280	3366085	100.000000	8.382813
225536	3368308	100.000000	8.683594
225792	3370435	100.000000	8.308594
226048	3372769	99.609375	8.760784
226304	3375161	100.000000	9.343750
226560	3377552	99.609375	8.984314
226816	3379807	99.609375	8.450980
227072	3382032	100.000000	8.691406
227328	3384299	99.609375	8.498039
227584	3386590	100.000000	8.949219
227840	3388836	99.609375	8.415686
228096	3391130	99.609375	8.603922
228352	3393275	100.000000	8.378906
228608	3395543	100.000000	8.859375
228864	3397876	100.000000	9.113281
229120	3400157	100.000000	8.910156
229376	3402402	99.609375	8.411765
229632	3404690	100.000000	8.937500
229888	3406947	99.609375	8.458824
230144	3409188	100.000000	8.753906
230400	3411439	100.000000	8.792969
230656	3413650	100.000000	8.636719
230912	3415880	99.609375	8.352941
231168	3418114	100.000000	8.726563
231424	3420246	100.000000	8.328125
231680	3422483	100.000000	8.738281
231936	3424639	100.000000	8.421875
232192	3426979	100.000000	9.140625
232448	3429202	100.000000	8.683594
232704	3431546	99.609375	8.800000
232960	3433741	100.000000	8.574219
233216	3436023	100.000000	8.914063
233472	3438294	100.000000	8.871094
233728	3440484	99.609375	8.196078
233984	3442820	100.000000	9.125000
234240	3445017	100.000000	8.582031
234496	3447281	100.000000	8.843750
234752	3449427	100.000000	8.382813
235008	3451589	100.000000	8.445313
235264	3453859	100.000000	8.867188
235520	3455980	100.000000	8.285156
235776	3458216	100.000000	8.734375
236032	3460329	100.000000	8.253906
236288	3462549	100.000000	8.671875
236544	3464775	100.000000	8.695313
236800	3467225	99.218750	8.858268
237056	3469534	100.000000	9.019531
237312	3471738	100.000000	8.609375
237568	3473998	100.000000	8.828125
237824	3476388	99.609375	8.980392
238080	3478559	100.000000	8.480469
238336	3480823	100.000000	8.843750
238592	3483073	100.000000	8.789063
238848	3485395	99.609375	8.713725
239104	3487575	100.000000	8.515625
239360	3489795	100.000000	8.671875
239616	3492007	100.000000	8.640625
239872	3494257	99.609375	8.431373
240128	3496434	100.000000	8.503906
240384	3498621	100.000000	8.542969
240640	3500924	100.000000	8.996094
240896	3503231	100.000000	9.011719
241152	3505728	100.000000	9.753906
241408	3507996	99.609375	8.501961
241664	3510206	100.000000	8.632813
241920	3512350	100.000000	8.375000
242176	3514601	100.000000	8.792969
242432	3516816	100.000000	8.652344
242688	3518957	100.000000	8.363281
242944	3521326	100.000000	9.253906
243200	3523597	100.000000	8.871094
243456	3525731	100.000000	8.335938
243712	3527920	100.000000	8.550781
243968	3530174	100.000000	8.804688
244224	3532369	100.000000	8.574219
244480	3534533	100.000000	8.453125
244736	3536820	100.000000	8.933594
244992	3538988	100.000000	8.468750
245248	3541113	100.000000	8.300781
245504	3543315	100.000000	8.601563
245760	3545400	100.000000	8.144531
246016	3547615	99.609375	8.294118
246272	3549799	100.000000	8.531250
246528	3552016	99.609375	8.301961
246784	3554156	100.000000	8.359375
247040	3556352	99.609375	8.219608
247296	3558483	100.000000	8.324219
247552	3560608	100.000000	8.300781
247808	3562838	99.609375	8.352941
248064	3565140	99.609375	8.635294
248320	3567521	99.609375	8.945098
248576	3569747	100.000000	8.695313
248832	3571905	100.000000	8.429688
249088	3574238	100.000000	9.113281
249344	3576468	99.609375	8.352941
249600	3578590	100.000000	8.289063
249856	3580896	99.609375	8.650980
250112	3583075	100.000000	8.511719
250368	3585247	100.000000	8.484375
250624	3587453	100.000000	8.617188
250880	3589643	99.609375	8.196078
251136	3591743	100.000000	8.203125
251392	3594036	99.609375	8.600000
251648	3596144	100.000000	8.234375
251904	3598282	100.000000	8.351563
252160	3600446	100.000000	8.453125
252416	3602595	100.000000	8.394531
252672	3604813	100.000000	8.664063
252928	3606951	100.000000	8.351563
253184	3609060	100.000000	8.238281
253440	3611237	100.000000	8.503906
253696	3613293	100.000000	8.031250
253952	3615436	100.000000	8.371094
254208	3617761	100.000000	9.082031
254464	3619863	100.000000	8.210938
254720	3622060	100.000000	8.582031
254976	3624345	99.609375	8.568627
255232	3626684	100.000000	9.136719
255488	3628800	100.000000	8.265625
255744	3631162	100.000000	9.226563
256000	3633502	100.000000	9.140625
256256	3635631	100.000000	8.316406
256512	3637876	100.000000	8.769531
256768	3640066	100.000000	8.554688
257024	3642430	99.609375	8.878431
257280	3644605	100.000000	8.496094
257536	3646793	100.000000	8.546875
257792	3648908	100.000000	8.261719
258048	3651088	100.000000	8.515625
258304	3653200	100.000000	8.250000
258560	3655301	100.000000	8.207031
258816	3657400	100.000000	8.199219
259072	3659569	100.000000	8.472656
259328	3661805	99.609375	8.376471
259584	3663847	100.000000	7.976563
259840	3666041	100.000000	8.570313
260096	3668320	100.000000	8.902344
260352	3670676	99.609375	8.847059
260608	3672777	100.000000	8.207031
260864	3674910	100.000000	8.332031
261120	3677108	100.000000	8.585938
261376	3679196	100.000000	8.156250
261632	3681490	99.609375	8.603922
261888	3683673	100.000000	8.527344
262144	3685751	100.000000	8.117188
262400	3687897	100.000000	8.382813
262656	3690075	100.000000	8.507813
262912	3692248	100.000000	8.488281
263168	3694362	100.000000	8.257813
263424	3696628	99.609375	8.494118
263680	3698820	100.000000	8.562500
263936	3701016	99.609375	8.219608
264192	3703138	100.000000	8.289063
264448	3705253	100.000000	8.261719
264704	3707426	99.609375	8.129412
264960	3709628	100.000000	8.601563
265216	3711921	100.000000	8.957031
265472	3714224	99.609375	8.639216
265728	3716288	100.000000	8.062500
265984	3718433	100.000000	8.378906
266240	3720782	99.609375	8.819608
266496	3722973	100.000000	8.558594
266752	3725201	100.000000	8.703125
267008	3727312	100.000000	8.246094
267264	3729414	99.609375	7.850980
267520	3731453	100.000000	7.964844
267776	3733514	100.000000	8.050781
268032	3735767	99.609375	8.443137
268288	3737893	100.000000	8.304688
268544	3740048	99.609375	8.058824
268800	3742156	100.000000	8.234375
269056	3744332	100.000000	8.500000
269312	3746449	100.000000	8.269531
269568	3748654	100.000000	8.613281
269824	3750870	99.609375	8.298039
270080	3753048	100.000000	8.507813
270336	3755110	100.000000	8.054688
270592	3757342	99.609375	8.360784
270848	3759518	99.609375	8.141176
271104	3761621	100.000000	8.214844
271360	3763798	100.000000	8.503906
271616	3766042	100.000000	8.765625
271872	3768095	100.000000	8.019531
272128	3770177	100.000000	8.132813
272384	3772181	100.000000	7.828125
272640	3774297	100.000000	8.265625
272896	3776400	100.000000	8.214844
273152	3778519	100.000000	8.277344
273408	3780612	100.000000	8.175781
273664	3782801	100.000000	8.550781
273920	3784839	100.000000	7.960938
274176	3786913	100.000000	8.101563
274432	3789006	100.000000	8.175781
274688	3791184	100.000000	8.507813
274944	3793208	100.000000	7.906250
275200	3795392	100.000000	8.531250
275456	3797450	100.000000	8.039063
275712	3799595	100.000000	8.378906
275968	3801761	100.000000	8.460938
276224	3803890	100.000000	8.316406
276480	3805949	100.000000	8.042969
276736	3808005	100.000000	8.031250
276992	3810180	100.000000	8.496094
277248	3812331	99.609375	8.043137
277504	3814367	100.000000	7.953125
277760	3816640	100.000000	8.878906
278016	3818736	100.000000	8.187500
278272	3820930	100.000000	8.570313
278528	3822936	100.000000	7.835938
278784	3825143	99.609375	8.262745
279040	3827387	99.609375	8.407843
279296	3829570	99.609375	8.168627
279552	3831667	100.000000	8.191406
279808	3833778	100.000000	8.246094
280064	3835828	100.000000	8.007813
280320	3837862	100.000000	7.945313
280576	3839910	100.000000	8.000000
280832	3842095	100.000000	8.535156
281088	3844258	100.000000	8.449219
281344	3846311	100.000000	8.019531
281600	3848381	100.000000	8.085938
281856	3850568	99.609375	8.184314
282112	3852724	100.000000	8.421875
282368	3854802	100.000000	8.117188
282624	3856869	100.000000	8.074219
282880	3859008	100.000000	8.355469
283136	3861163	99.609375	8.058824
283392	3863377	100.000000	8.648438
283648	3865616	99.609375	8.388235
283904	3867695	100.000000	8.121094
284160	3869865	99.609375	8.117647
284416	3872058	100.000000	8.566406
284672	3874102	100.000000	7.984375
284928	3876322	100.000000	8.671875
285184	3878400	100.000000	8.117188
285440	3880693	99.609375	8.600000
285696	3882843	100.000000	8.398438
285952	3885011	99.609375	8.109804
286208	3887219	100.000000	8.625000
286464	3889342	100.000000	8.292969
286720	3891482	99.609375	8.000000
286976	3893657	99.609375	8.137255
287232	3895733	100.000000	8.109375
287488	3897879	100.000000	8.382813
287744	3899938	100.000000	8.042969
288000	3902177	100.000000	8.746094
288256	3904237	100.000000	8.046875
288512	3906377	100.000000	8.359375
288768	3908475	100.000000	8.195313
289024	3910538	100.000000	8.058594
289280	3912850	99.609375	8.674510
289536	3915069	100.000000	8.667969
289792	3917168	100.000000	8.199219
290048	3919241	100.000000	8.097656
290304	3921468	99.609375	8.341176
290560	3923524	100.000000	8.031250
290816	3925643	100.000000	8.277344
291072	3927723	100.000000	8.125000
291328	3929846	100.000000	8.292969
291584	3931967	100.000000	8.285156
291840	3934140	99.609375	8.129412
292096	3936432	99.218750	8.236220
292352	3938541	100.000000	8.238281
292608	3940671	100.000000	8.320313
292864	3942829	100.000000	8.429688
293120	3944862	100.000000	7.941406
293376	3946963	100.000000	8.207031
293632	3949007	100.000000	7.984375
293888	3951185	100.000000	8.507813
294144	3953212	100.000000	7.917969
294400	3955267	100.000000	8.027344
294656	3957313	100.000000	7.992188
294912	3959338	100.000000	7.910156
295168	3961517	99.609375	8.152941
295424	3963637	100.000000	8.281250
295680	3965767	100.000000	8.320313
295936	3967888	100.000000	8.285156
296192	3970128	99.218750	8.031496
296448	3972314	99.609375	8.180392
296704	3974446	100.000000	8.328125
296960	3976675	100.000000	8.707031
297216	3978728	100.000000	8.019531
297472	3980810	100.000000	8.132813
297728	3982798	100.000000	7.765625
297984	3984960	99.609375	8.086275
298240	3987005	100.000000	7.988281
298496	3989018	100.000000	7.863281
298752	3991107	100.000000	8.160156
299008	3993165	100.000000	8.039063
299264	3995304	100.000000	8.355469
299520	3997330	100.000000	7.914063
299776	3999520	100.000000	8.554688
300032	4001635	100.000000	8.261719
300288	4003623	100.000000	7.765625
300544	4005636	100.000000	7.863281
300800	4007682	100.000000	7.992188
301056	4009871	100.000000	8.550781
301312	4011959	100.000000	8.156250
301568	4013940	100.000000	7.738281
301824	4016010	100.000000	8.085938
302080	4018053	100.000000	7.980469
302336	4020254	100.000000	8.597656
302592	4022312	100.000000	8.039063
302848	4024323	100.000000	7.855469
303104	4026449	100.000000	8.304688
303360	4028655	99.609375	8.258824
303616	4030759	100.000000	8.218750
303872	4032822	100.000000	8.058594
304128	4034887	100.000000	8.066406
304384	4036934	100.000000	7.996094
304640	4039171	100.000000	8.738281
304896	4041304	100.000000	8.332031
305152	4043417	99.609375	7.894118
305408	4045549	100.000000	8.328125
305664	4047688	100.000000	8.355469
305920	4049836	100.000000	8.390625
306176	4051922	100.000000	8.148438
306432	4053939	100.000000	7.878906
306688	4056112	100.000000	8.488281
306944	4058165	100.000000	8.019531
307200	4060214	100.000000	8.003906
307456	4062344	100.000000	8.320313
307712	4064564	99.609375	8.313725
307968	4066624	100.000000	8.046875
308224	4068608	100.000000	7.750000
308480	4070602	100.000000	7.789063
308736	4072605	100.000000	7.824219
308992	4074701	100.000000	8.187500
309248	4076729	100.000000	7.921875
309504	4078710	100.000000	7.738281
309760	4080842	100.000000	8.328125
310016	4083170	99.218750	8.377953
310272	4085200	100.000000	7.929688
310528	4087215	100.000000	7.871094
310784	4089420	100.000000	8.613281
311040	4091524	100.000000	8.218750
311296	4093530	100.000000	7.835938
311552	4095529	100.000000	7.808594
311808	4097547	100.000000	7.882813
312064	4099774	99.609375	8.341176
312320	4101903	100.000000	8.316406
312576	4103917	100.000000	7.867188
312832	4106014	100.000000	8.191406
313088	4108060	100.000000	7.992188
313344	4110098	100.000000	7.960938
313600	4112165	100.000000	8.074219
313856	4114286	100.000000	8.285156
314112	4116376	100.000000	8.164063
314368	4118376	100.000000	7.812500
314624	4120537	100.000000	8.441406
314880	4122550	100.000000	7.863281
315136	4124619	100.000000	8.082031
315392	4126718	100.000000	8.199219
315648	4128734	100.000000	7.875000
315904	4130818	100.000000	8.140625
316160	4132919	100.000000	8.207031
316416	4134977	100.000000	8.039063
316672	4137150	100.000000	8.488281
316928	4139292	99.609375	8.007843
317184	4141346	100.000000	8.023438
317440	4143456	100.000000	8.242188
317696	4145607	100.000000	8.402344
317952	4147730	100.000000	8.292969
318208	4149738	100.000000	7.843750
318464	4151862	100.000000	8.296875
318720	4153861	100.000000	7.808594
318976	4155944	100.000000	8.136719
319232	4158047	99.609375	7.854902
319488	4160218	99.609375	8.121569
319744	4162200	100.000000	7.742188
320000	4164306	100.000000	8.226563
320256	4166301	100.000000	7.792969
320512	4168447	100.000000	8.382813
320768	4170508	100.000000	8.050781
321024	4172599	100.000000	8.167969
321280	4174634	100.000000	7.949219
321536	4176688	100.000000	8.023438
321792	4178692	100.000000	7.828125
322048	4180796	100.000000	8.218750
322304	4182888	100.000000	8.171875
322560	4184971	100.000000	8.136719
322816	4187123	99.609375	8.047059
323072	4189156	100.000000	7.941406
323328	4191201	100.000000	7.988281
323584	4193225	100.000000	7.906250
323840	4195303	100.000000	8.117188
324096	4197419	100.000000	8.265625
324352	4199504	100.000000	8.144531
324608	4201759	100.000000	8.808594
324864	4203984	99.609375	8.333333
325120	4206123	100.000000	8.355469
325376	4208183	100.000000	8.046875
325632	4210203	100.000000	7.890625
325888	4212297	100.000000	8.179688
326144	4214364	100.000000	8.074219
326400	4216340	100.000000	7.718750
326656	4218496	99.609375	8.062745
326912	4220632	100.000000	8.343750
327168	4222617	100.000000	7.753906
327424	4224643	100.000000	7.914063
327680	4226790	100.000000	8.386719
327936	4228835	100.000000	7.988281
328192	4230809	100.000000	7.710938
328448	4232856	100.000000	7.996094
328704	4235003	100.000000	8.386719
328960	4236994	100.000000	7.777344
329216	4239072	100.000000	8.117188
329472	4241204	100.000000	8.328125
329728	4243145	100.000000	7.582031
329984	4245097	100.000000	7.625000
330240	4247156	100.000000	8.042969
330496	4249206	100.000000	8.007813
330752	4251320	100.000000	8.257813
331008	4253381	100.000000	8.050781
331264	4255396	100.000000	7.871094
331520	4257429	100.000000	7.941406
331776	4259484	100.000000	8.027344
332032	4261406	100.000000	7.507813
332288	4263504	100.000000	8.195313
332544	4265491	100.000000	7.761719
332800	4267565	100.000000	8.101563
333056	4269565	100.000000	7.812500
333312	4271568	100.000000	7.824219
333568	4273609	100.000000	7.972656
333824	4275705	99.609375	7.827451
334080	4277699	100.000000	7.789063
334336	4279718	100.000000	7.886719
334592	4281852	100.000000	8.335938
334848	4283843	100.000000	7.777344
335104	4286013	100.000000	8.476563
335360	4288031	100.000000	7.882813
335616	4290029	100.000000	7.804688
335872	4292133	100.000000	8.218750
336128	4294257	100.000000	8.296875
336384	4296268	100.000000	7.855469
336640	4298299	100.000000	7.933594
336896	4300355	99.609375	7.670588
337152	4302348	100.000000	7.785156
337408	4304399	100.000000	8.011719
337664	4306391	100.000000	7.781250
337920	4308458	99.609375	7.713725
338176	4310486	100.000000	7.921875
338432	4312556	100.000000	8.085938
338688	4314661	100.000000	8.222656
338944	4316624	100.000000	7.667969
339200	4318748	100.000000	8.296875
339456	4320819	100.000000	8.089844
339712	4322851	100.000000	7.937500
339968	4324911	100.000000	8.046875
340224	4326976	100.000000	8.066406
340480	4329054	100.000000	8.117188
340736	4331132	100.000000	8.117188
340992	4333240	99.609375	7.874510
341248	4335266	100.000000	7.914063
341504	4337296	100.000000	7.929688
341760	4339338	100.000000	7.976563
342016	4341439	99.609375	7.847059
342272	4343497	100.000000	8.039063
342528	4345532	100.000000	7.949219
342784	4347658	100.000000	8.304688
343040	4349726	100.000000	8.078125
343296	4351855	100.000000	8.316406
343552	4353846	100.000000	7.777344
343808	4355782	100.000000	7.562500
344064	4357772	100.000000	7.773438
344320	4359900	99.609375	7.952941
344576	4362044	100.000000	8.375000
344832	4364196	100.000000	8.406250
345088	4366273	100.000000	8.113281
345344	4368310	100.000000	7.957031
345600	4370428	99.609375	7.913725
345856	4372541	99.609375	7.894118
346112	4374567	100.000000	7.914063
346368	4376575	100.000000	7.843750
346624	4378536	100.000000	7.660156
346880	4380511	100.000000	7.714844
347136	4382475	100.000000	7.671875
347392	4384510	100.000000	7.949219
347648	4386563	100.000000	8.019531
347904	4388587	100.000000	7.906250
348160	4390642	100.000000	8.027344
348416	4392627	100.000000	7.753906
348672	4394790	99.609375	8.090196
348928	4396752	100.000000	7.664063
349184	4398870	100.000000	8.273438
349440	4400837	100.000000	7.683594
349696	4402867	100.000000	7.929688
349952	4405012	100.000000	8.378906
350208	4407054	100.000000	7.976563
350464	4409142	100.000000	8.156250
350720	4411290	100.000000	8.390625
350976	4413363	100.000000	8.097656
351232	4415318	100.000000	7.636719
351488	4417312	100.000000	7.789063
351744	4419340	100.000000	7.921875
352000	4421425	100.000000	8.144531
352256	4423476	99.609375	7.650980
352512	4425650	99.609375	8.133333
352768	4427667	100.000000	7.878906
353024	4429719	100.000000	8.015625
353280	4431831	100.000000	8.250000
353536	4433786	100.000000	7.636719
353792	4435902	100.000000	8.265625
354048	4437928	100.000000	7.914063
354304	4439953	100.000000	7.910156
354560	4442075	100.000000	8.289063
354816	4444016	100.000000	7.582031
355072	4445983	100.000000	7.683594
355328	4448016	100.000000	7.941406
355584	4449960	100.000000	7.593750
355840	4451925	100.000000	7.675781
356096	4454025	100.000000	8.203125
356352	4456047	100.000000	7.898438
356608	4458110	100.000000	8.058594
356864	4460194	100.000000	8.140625
357120	4462182	100.000000	7.765625
357376	4464291	99.609375	7.878431
357632	4466233	100.000000	7.585938
357888	4468166	100.000000	7.550781
358144	4470208	100.000000	7.976563
358400	4472227	100.000000	7.886719
358656	4474266	100.000000	7.964844
358912	4476437	100.000000	8.480469
359168	4478530	100.000000	8.175781
359424	4480559	100.000000	7.925781
359680	4482585	100.000000	7.914063
359936	4484663	100.000000	8.117188
360192	4486838	100.000000	8.496094
360448	4488900	100.000000	8.054688
360704	4490811	100.000000	7.464844
360960	4492897	100.000000	8.148438
361216	4494988	100.000000	8.167969
361472	4496967	100.000000	7.730469
361728	4498999	100.000000	7.937500
361984	4500987	100.000000	7.765625
362240	4502950	100.000000	7.667969
362496	4505000	100.000000	8.007813
362752	4507123	100.000000	8.292969
363008	4509112	100.000000	7.769531
363264	4511099	100.000000	7.761719
363520	4513047	100.000000	7.609375
363776	4515079	100.000000	7.937500
364032	4517105	100.000000	7.914063
364288	4519106	100.000000	7.816406
364544	4521198	100.000000	8.171875
364800	4523205	100.000000	7.839844
365056	4525172	100.000000	7.683594
365312	4527251	100.000000	8.121094
365568	4529258	100.000000	7.839844
365824	4531379	99.609375	7.925490
366080	4533499	100.000000	8.281250
366336	4535486	100.000000	7.761719
366592	4537569	100.000000	8.136719
366848	4539503	100.000000	7.554688
367104	4541471	100.000000	7.687500
367360	4543469	100.000000	7.804688
367616	4545406	100.000000	7.566406
367872	4547469	100.000000	8.058594
368128	4549521	100.000000	8.015625
368384	4551482	100.000000	7.660156
368640	4553414	100.000000	7.546875
368896	4555491	100.000000	8.113281
369152	4557651	100.000000	8.437500
369408	4559692	100.000000	7.972656
369664	4561689	100.000000	7.800781
369920	4563722	100.000000	7.941406
370176	4565744	100.000000	7.898438
370432	4567904	99.609375	8.078431
370688	4569934	100.000000	7.929688
370944	4571976	100.000000	7.976563
371200	4574090	99.609375	7.898039
371456	4576146	100.000000	8.031250
371712	4578158	100.000000	7.859375
371968	4580172	100.000000	7.867188
372224	4582221	100.000000	8.003906
372480	4584197	100.000000	7.718750
372736	4586232	100.000000	7.949219
372992	4588215	100.000000	7.746094
373248	4590143	100.000000	7.531250
373504	4592162	100.000000	7.886719
373760	4594144	100.000000	7.742188
374016	4596151	100.000000	7.839844
374272	4598123	100.000000	7.703125
374528	4600080	100.000000	7.644531
374784	4602150	100.000000	8.085938
375040	4604116	100.000000	7.679688
375296	4606066	100.000000	7.617188
375552	4608156	100.000000	8.164063
375808	4610181	100.000000	7.910156
376064	4612186	100.000000	7.832031
376320	4614153	100.000000	7.683594
376576	4616157	100.000000	7.828125
376832	4618126	100.000000	7.691406
377088	4620104	100.000000	7.726563
377344	4622124	100.000000	7.890625
377600	4624196	100.000000	8.093750
377856	4626265	100.000000	8.082031
378112	4628329	100.000000	8.062500
378368	4630306	100.000000	7.722656
378624	4632296	100.000000	7.773438
378880	4634321	100.000000	7.910156
379136	4636210	100.000000	7.378906
379392	4638188	100.000000	7.726563
379648	4640279	100.000000	8.167969
379904	4642287	100.000000	7.843750
380160	4644311	100.000000	7.906250
380416	4646226	100.000000	7.480469
380672	4648241	100.000000	7.871094
380928	4650263	100.000000	7.898438
381184	4652290	100.000000	7.917969
381440	4654265	100.000000	7.714844
381696	4656273	100.000000	7.843750
381952	4658250	100.000000	7.722656
382208	4660222	100.000000	7.703125
382464	4662204	100.000000	7.742188
382720	4664190	100.000000	7.757813
382976	4666235	100.000000	7.988281
383232	4668239	100.000000	7.828125
383488	4670265	100.000000	7.914063
383744	4672297	100.000000	7.937500
384000	4674205	100.000000	7.453125
384256	4676207	100.000000	7.820313
384512	4678230	100.000000	7.902344
384768	4680256	100.000000	7.914063
385024	4682267	100.000000	7.855469
385280	4684236	100.000000	7.691406
385536	4686219	100.000000	7.746094
385792	4688153	100.000000	7.554688
386048	4690144	100.000000	7.777344
386304	4692114	100.000000	7.695313
386560	4694222	100.000000	8.234375
386816	4696295	100.000000	8.097656
387072	4698326	100.000000	7.933594
387328	4700297	100.000000	7.699219
387584	4702330	100.000000	7.941406
387840	4704294	100.000000	7.671875
388096	4706312	100.000000	7.882813
388352	4708398	100.000000	8.148438
388608	4710335	100.000000	7.566406
388864	4712323	100.000000	7.765625
389120	4714319	100.000000	7.796875
389376	4716337	100.000000	7.882813
389632	4718381	100.000000	7.984375
389888	4720408	100.000000	7.917969
390144	4722370	100.000000	7.664063
390400	4724384	100.000000	7.867188
390656	4726265	100.000000	7.347656
390912	4728266	100.000000	7.816406
391168	4730312	100.000000	7.992188
391424	4732428	100.000000	8.265625
391680	4734443	100.000000	7.871094
391936	4736419	100.000000	7.718750
392192	4738300	100.000000	7.347656
392448	4740321	100.000000	7.894531
392704	4742389	100.000000	8.078125
392960	4744486	100.000000	8.191406
393216	4746434	100.000000	7.609375
393472	4748426	100.000000	7.781250
393728	4750451	100.000000	7.910156
393984	4752500	100.000000	8.003906
394240	4754495	99.609375	7.431373
394496	4756420	100.000000	7.519531
394752	4758443	100.000000	7.902344
395008	4760428	100.000000	7.753906
395264	4762409	100.000000	7.738281
395520	4764468	100.000000	8.042969
395776	4766438	100.000000	7.695313
396032	4768403	100.000000	7.675781
396288	4770357	100.000000	7.632813
396544	4772406	100.000000	8.003906
396800	4774359	100.000000	7.628906
397056	4776366	100.000000	7.839844
397312	4778426	100.000000	8.046875
397568	4780426	100.000000	7.812500
397824	4782410	100.000000	7.750000
398080	4784409	100.000000	7.808594
398336	4786420	100.000000	7.855469
398592	4788461	99.609375	7.611765
398848	4790400	100.000000	7.574219
399104	4792385	100.000000	7.753906
399360	4794309	100.000000	7.515625
399616	4796208	100.000000	7.417969
399872	4798293	100.000000	8.144531
400128	4800271	100.000000	7.726563
400384	4802293	100.000000	7.898438
400640	4804333	100.000000	7.968750
400896	4806371	100.000000	7.960938
401152	4808444	100.000000	8.097656
401408	4810474	100.000000	7.929688
401664	4812457	100.000000	7.746094
401920	4814449	100.000000	7.781250
402176	4816378	100.000000	7.535156
402432	4818315	100.000000	7.566406
402688	4820289	100.000000	7.710938
402944	4822231	100.000000	7.585938
403200	4824207	100.000000	7.718750
403456	4826204	100.000000	7.800781
403712	4828230	100.000000	7.914063
403968	4830172	100.000000	7.585938
404224	4832220	100.000000	8.000000
404480	4834235	100.000000	7.871094
404736	4836219	100.000000	7.750000
404992	4838272	100.000000	8.019531
405248	4840206	100.000000	7.554688
405504	4842228	100.000000	7.898438
405760	4844200	100.000000	7.703125
406016	4846078	100.000000	7.335938
406272	4848009	100.000000	7.542969
406528	4850159	99.609375	8.039216
406784	4852073	100.000000	7.476563
407040	4854024	100.000000	7.621094
407296	4856016	100.000000	7.781250
407552	4858042	100.000000	7.914063
407808	4860128	100.000000	8.148438
408064	4862130	100.000000	7.820313
408320	4864177	100.000000	7.996094
408576	4866122	100.000000	7.597656
408832	4867993	100.000000	7.308594
409088	4869931	100.000000	7.570313
409344	4871883	100.000000	7.625000
409600	4873852	100.000000	7.691406
409856	4875892	100.000000	7.968750
410112	4877918	100.000000	7.914063
410368	4879912	100.000000	7.789063
410624	4881895	100.000000	7.746094
410880	4883914	100.000000	7.886719
411136	4885944	100.000000	7.929688
411392	4887957	100.000000	7.863281
411648	4889999	100.000000	7.976563
411904	4891979	100.000000	7.734375
412160	4894042	100.000000	8.058594
412416	4896005	100.000000	7.667969
412672	4897970	100.000000	7.675781
412928	4899932	100.000000	7.664063
413184	4901875	100.000000	7.589844
413440	4903971	100.000000	8.187500
413696	4905883	100.000000	7.468750
413952	4907914	100.000000	7.933594
414208	4909916	100.000000	7.820313
414464	4911853	100.000000	7.566406
414720	4913802	100.000000	7.613281
414976	4915848	100.000000	7.992188
415232	4917797	100.000000	7.613281
415488	4919748	100.000000	7.621094
415744	4921740	100.000000	7.781250
416000	4923844	100.000000	8.218750
416256	4925763	100.000000	7.496094
416512	4927769	100.000000	7.835938
416768	4929794	100.000000	7.910156
417024	4931864	100.000000	8.085938
417280	4933836	100.000000	7.703125
417536	4935829	100.000000	7.785156
417792	4937810	100.000000	7.738281
418048	4939785	100.000000	7.714844
418304	4941742	100.000000	7.644531
418560	4943736	100.000000	7.789063
418816	4945721	100.000000	7.753906
419072	4947615	100.000000	7.398438
419328	4949621	100.000000	7.835938
419584	4951628	100.000000	7.839844
419840	4953617	100.000000	7.769531
420096	4955622	100.000000	7.832031
420352	4957792	99.609375	8.117647
420608	4959884	100.000000	8.171875
420864	4961913	100.000000	7.925781
421120	4963818	100.000000	7.441406
421376	4965760	100.000000	7.585938
421632	4967805	100.000000	7.988281
421888	4969820	100.000000	7.871094
422144	4971757	100.000000	7.566406
422400	4973771	100.000000	7.867188
422656	4975687	100.000000	7.484375
422912	4977673	100.000000	7.757813
423168	4979649	100.000000	7.718750
423424	4981612	100.000000	7.667969
423680	4983680	100.000000	8.078125
423936	4985696	100.000000	7.875000
424192	4987692	100.000000	7.796875
424448	4989748	99.609375	7.670588
424704	4991728	100.000000	7.734375
424960	4993688	100.000000	7.656250
425216	4995702	100.000000	7.867188
425472	4997750	99.609375	7.639216
425728	4999811	100.000000	8.050781
425984	5001795	100.000000	7.750000
426240	5003771	100.000000	7.718750
426496	5005788	100.000000	7.878906
426752	5007792	100.000000	7.828125
427008	5009752	100.000000	7.656250
427264	5011701	100.000000	7.613281
427520	5013701	100.000000	7.812500
427776	5015563	100.000000	7.273438
428032	5017574	100.000000	7.855469
428288	5019564	100.000000	7.773438
428544	5021544	100.000000	7.734375
428800	5023762	99.609375	8.305882
429056	5025707	100.000000	7.597656
429312	5027676	100.000000	7.691406
429568	5029715	100.000000	7.964844
429824	5031708	100.000000	7.785156
430080	5033649	100.000000	7.582031
430336	5035606	100.000000	7.644531
430592	5037502	100.000000	7.406250
430848	5039502	100.000000	7.812500
431104	5041490	100.000000	7.765625
431360	5043487	100.000000	7.800781
431616	5045445	100.000000	7.648438
431872	5047380	100.000000	7.558594
432128	5049375	100.000000	7.792969
432384	5051277	100.000000	7.429688
432640	5053264	100.000000	7.761719
432896	5055259	100.000000	7.792969
433152	5057261	100.000000	7.820313
433408	5059265	100.000000	7.828125
433664	5061194	100.000000	7.535156
433920	5063136	100.000000	7.585938
434176	5065099	100.000000	7.667969
434432	5067021	100.000000	7.507813
434688	5068993	100.000000	7.703125
434944	5071010	100.000000	7.878906
435200	5073134	100.000000	8.296875
435456	5075059	100.000000	7.519531
435712	5077051	100.000000	7.781250
435968	5078966	100.000000	7.480469
436224	5080915	100.000000	7.613281
436480	5082908	100.000000	7.785156
436736	5084866	100.000000	7.648438
436992	5086811	100.000000	7.597656
437248	5088795	100.000000	7.750000
437504	5090670	100.000000	7.324219
437760	5092605	100.000000	7.558594
438016	5094487	100.000000	7.351563
438272	5096420	100.000000	7.550781
438528	5098327	100.000000	7.449219
438784	5100301	100.000000	7.710938
439040	5102210	100.000000	7.457031
439296	5104192	100.000000	7.742188
439552	5106115	100.000000	7.511719
439808	5108133	100.000000	7.882813
440064	5110088	100.000000	7.636719
440320	5111996	100.000000	7.453125
440576	5113997	100.000000	7.816406
440832	5115973	100.000000	7.718750
441088	5117945	100.000000	7.703125
441344	5119935	100.000000	7.773438
441600	5121907	100.000000	7.703125
441856	5123879	100.000000	7.703125
442112	5125851	100.000000	7.703125
442368	5127809	100.000000	7.648438
442624	5129711	100.000000	7.429688
442880	5131652	100.000000	7.582031
443136	5133617	100.000000	7.675781
443392	5135584	100.000000	7.683594
443648	5137537	100.000000	7.628906
443904	5139469	100.000000	7.546875
444160	5141416	100.000000	7.605469
444416	5143351	100.000000	7.558594
444672	5145288	100.000000	7.566406
444928	5147289	99.609375	7.454902
445184	5149280	100.000000	7.777344
445440	5151256	100.000000	7.718750
445696	5153246	99.609375	7.411765
445952	5155166	100.000000	7.500000
446208	5157140	100.000000	7.710938
446464	5159146	100.000000	7.835938
446720	5161096	100.000000	7.617188
446976	5163034	100.000000	7.570313
447232	5164876	100.000000	7.195313
447488	5166881	100.000000	7.832031
447744	5168807	100.000000	7.523438
448000	5170781	100.000000	7.710938
448256	5172769	100.000000	7.765625
448512	5174767	100.000000	7.804688
448768	5176740	100.000000	7.707031
449024	5178746	100.000000	7.835938
449280	5180624	100.000000	7.335938
449536	5182608	100.000000	7.750000
449792	5184529	100.000000	7.503906
450048	5186482	100.000000	7.628906
450304	5188471	100.000000	7.769531
450560	5190459	100.000000	7.765625
450816	5192398	100.000000	7.574219
451072	5194370	100.000000	7.703125
451328	5196484	99.609375	7.898039
451584	5198427	100.000000	7.589844
451840	5200323	100.000000	7.406250
452096	5202267	100.000000	7.593750
452352	5204322	100.000000	8.027344
452608	5206356	100.000000	7.945313
452864	5208299	100.000000	7.589844
453120	5210345	100.000000	7.992188
453376	5212262	100.000000	7.488281
453632	5214325	100.000000	8.058594
453888	5216295	100.000000	7.695313
454144	5218240	100.000000	7.597656
454400	5220198	100.000000	7.648438
454656	5222070	100.000000	7.312500
454912	5224011	100.000000	7.582031
455168	5226004	100.000000	7.785156
455424	5227973	100.000000	7.691406
455680	5229903	100.000000	7.539063
455936	5231947	100.000000	7.984375
456192	5233932	100.000000	7.753906
456448	5235861	100.000000	7.535156
456704	5237785	100.000000	7.515625
456960	5239725	100.000000	7.578125
457216	5241724	100.000000	7.808594
457472	5243693	100.000000	7.691406
457728	5245736	100.000000	7.980469
457984	5247660	100.000000	7.515625
458240	5249569	100.000000	7.457031
458496	5251517	100.000000	7.609375
458752	5253457	100.000000	7.578125
459008	5255450	100.000000	7.785156
459264	5257450	100.000000	7.812500
459520	5259352	100.000000	7.429688
459776	5261233	100.000000	7.347656
460032	5263194	100.000000	7.660156
460288	5265142	100.000000	7.609375
460544	5267168	100.000000	7.914063
460800	5269133	100.000000	7.675781
461056	5271108	100.000000	7.714844
461312	5273097	100.000000	7.769531
461568	5275037	100.000000	7.578125
461824	5276949	100.000000	7.468750
462080	5278841	100.000000	7.390625
462336	5280831	100.000000	7.773438
462592	5282742	100.000000	7.464844
462848	5284808	100.000000	8.070313
463104	5286782	100.000000	7.710938
463360	5288730	100.000000	7.609375
463616	5290675	100.000000	7.597656
463872	5292623	100.000000	7.609375
464128	5294626	100.000000	7.824219
464384	5296587	100.000000	7.660156
464640	5298518	100.000000	7.542969
464896	5300479	100.000000	7.660156
465152	5302419	100.000000	7.578125
465408	5304363	100.000000	7.593750
465664	5306351	100.000000	7.765625
465920	5308419	100.000000	8.078125
466176	5310400	100.000000	7.738281
466432	5312315	100.000000	7.480469
466688	5314265	100.000000	7.617188
466944	5316188	100.000000	7.511719
467200	5318128	100.000000	7.578125
467456	5320045	100.000000	7.488281
467712	5321951	100.000000	7.445313
467968	5323952	100.000000	7.816406
468224	5325948	100.000000	7.796875
468480	5327883	100.000000	7.558594
468736	5329768	100.000000	7.363281
468992	5331745	100.000000	7.722656
469248	5333679	100.000000	7.554688
469504	5335660	100.000000	7.738281
469760	5337553	100.000000	7.394531
470016	5339548	100.000000	7.792969
470272	5341457	100.000000	7.457031
470528	5343451	100.000000	7.789063
470784	5345441	100.000000	7.773438
471040	5347409	100.000000	7.687500
471296	5349388	100.000000	7.730469
471552	5351306	100.000000	7.492188
471808	5353265	100.000000	7.652344
472064	5355182	100.000000	7.488281
472320	5357113	100.000000	7.542969
472576	5359028	100.000000	7.480469
472832	5360959	100.000000	7.542969
473088	5362891	100.000000	7.546875
473344	5364833	100.000000	7.585938
473600	5366893	100.000000	8.046875
473856	5368800	100.000000	7.449219
474112	5370771	100.000000	7.699219
474368	5372767	100.000000	7.796875
474624	5374779	100.000000	7.859375
474880	5376749	100.000000	7.695313
475136	5378681	100.000000	7.546875
475392	5380575	100.000000	7.398438
475648	5382490	100.000000	7.480469
475904	5384442	100.000000	7.625000
476160	5386372	100.000000	7.539063
476416	5388370	100.000000	7.804688
476672	5390268	100.000000	7.414063
476928	5392195	100.000000	7.527344
477184	5394172	100.000000	7.722656
477440	5396126	100.000000	7.632813
477696	5398065	100.000000	7.574219
477952	5400037	100.000000	7.703125
478208	5402037	100.000000	7.812500
478464	5403962	100.000000	7.519531
478720	5405915	100.000000	7.628906
478976	5407850	100.000000	7.558594
479232	5409787	100.000000	7.566406
479488	5411897	99.609375	7.882353
479744	5413833	100.000000	7.562500
480000	5415771	100.000000	7.570313
480256	5417745	100.000000	7.710938
480512	5419749	100.000000	7.828125
480768	5421636	100.000000	7.371094
481024	5423499	100.000000	7.277344
481280	5425459	100.000000	7.656250
481536	5427364	100.000000	7.441406
481792	5429331	100.000000	7.683594
482048	5431320	100.000000	7.769531
482304	5433263	100.000000	7.589844
482560	5435137	100.000000	7.320313
482816	5437054	100.000000	7.488281
483072	5439007	100.000000	7.628906
483328	5440967	100.000000	7.656250
483584	5442902	100.000000	7.558594
483840	5444858	100.000000	7.640625
484096	5446697	100.000000	7.183594
484352	5448703	100.000000	7.835938
484608	5450639	100.000000	7.562500
484864	5452592	100.000000	7.628906
485120	5454560	100.000000	7.687500
485376	5456498	100.000000	7.570313
485632	5458467	100.000000	7.691406
485888	5460403	100.000000	7.562500
486144	5462385	100.000000	7.742188
486400	5464376	100.000000	7.777344
486656	5466308	100.000000	7.546875
486912	5468235	100.000000	7.527344
487168	5470180	100.000000	7.597656
487424	5472214	99.609375	7.584314
487680	5474134	100.000000	7.500000
487936	5476069	100.000000	7.558594
488192	5477991	100.000000	7.507813
488448	5479873	100.000000	7.351563
488704	5481730	100.000000	7.253906
488960	5483658	100.000000	7.531250
489216	5485681	100.000000	7.902344
489472	5487662	100.000000	7.738281
489728	5489552	100.000000	7.382813
489984	5491446	100.000000	7.398438
490240	5493416	100.000000	7.695313
490496	5495278	100.000000	7.273438
490752	5497227	100.000000	7.613281
491008	5499141	100.000000	7.476563
491264	5501057	100.000000	7.484375
491520	5502937	100.000000	7.343750
491776	5504952	100.000000	7.871094
492032	5506898	100.000000	7.601563
492288	5508818	100.000000	7.500000
492544	5510774	100.000000	7.640625
492800	5512698	100.000000	7.515625
493056	5514657	100.000000	7.652344
493312	5516563	100.000000	7.445313
493568	5518579	100.000000	7.875000
493824	5520524	100.000000	7.597656
494080	5522374	100.000000	7.226563
494336	5524333	100.000000	7.652344
494592	5526232	100.000000	7.417969
494848	5528089	100.000000	7.253906
495104	5530014	100.000000	7.519531
495360	5531937	100.000000	7.511719
495616	5533833	100.000000	7.406250
495872	5535819	100.000000	7.757813
496128	5537817	100.000000	7.804688
496384	5539825	100.000000	7.843750
496640	5541706	100.000000	7.347656
496896	5543678	100.000000	7.703125
497152	5545557	100.000000	7.339844
497408	5547503	100.000000	7.601563
497664	5549374	100.000000	7.308594
497920	5551283	100.000000	7.457031
498176	5553280	100.000000	7.800781
498432	5555219	100.000000	7.574219
498688	5557148	100.000000	7.535156
498944	5559090	100.000000	7.585938
499200	5561016	100.000000	7.523438
499456	5562962	100.000000	7.601563
499712	5564879	100.000000	7.488281
499968	5566759	100.000000	7.343750
500224	5568667	100.000000	7.453125
500480	5570591	100.000000	7.515625
500736	5572504	100.000000	7.472656
500992	5574485	100.000000	7.738281
501248	5576494	100.000000	7.847656
501504	5578443	100.000000	7.613281
501760	5580368	100.000000	7.519531
502016	5582356	100.000000	7.765625
502272	5584305	100.000000	7.613281
502528	5586212	100.000000	7.449219
502784	5588105	100.000000	7.394531
503040	5590017	100.000000	7.468750
503296	5591999	100.000000	7.742188
503552	5593919	100.000000	7.500000
503808	5595868	100.000000	7.613281
504064	5597785	100.000000	7.488281
504320	5599724	100.000000	7.574219
504576	5601649	100.000000	7.519531
504832	5603575	100.000000	7.523438
505088	5605505	100.000000	7.539063
505344	5607474	100.000000	7.691406
505600	5609377	100.000000	7.433594
505856	5611333	100.000000	7.640625
506112	5613268	100.000000	7.558594
506368	5615190	100.000000	7.507813
506624	5617133	100.000000	7.589844
506880	5619049	100.000000	7.484375
507136	5620932	100.000000	7.355469
507392	5622853	100.000000	7.503906
507648	5624716	100.000000	7.277344
507904	5626677	100.000000	7.660156
508160	5628624	100.000000	7.605469
508416	5630513	100.000000	7.378906
508672	5632433	100.000000	7.500000
508928	5634323	100.000000	7.382813
509184	5636263	100.000000	7.578125
509440	5638246	100.000000	7.746094
509696	5640195	100.000000	7.613281
509952	5642071	100.000000	7.328125
510208	5644038	100.000000	7.683594
510464	5645950	100.000000	7.468750
510720	5647920	100.000000	7.695313
510976	5649899	100.000000	7.730469
511232	5651839	100.000000	7.578125
511488	5653832	100.000000	7.785156
511744	5655738	100.000000	7.445313
512000	5657692	100.000000	7.632813
512256	5659569	100.000000	7.332031
512512	5661434	100.000000	7.285156
512768	5663443	100.000000	7.847656
513024	5665358	100.000000	7.480469
513280	5667281	100.000000	7.511719
513536	5669324	100.000000	7.980469
513792	5671233	100.000000	7.457031
514048	5673182	100.000000	7.613281
514304	5675150	100.000000	7.687500
514560	5677084	100.000000	7.554688
514816	5678980	100.000000	7.406250
515072	5680909	100.000000	7.535156
515328	5682850	100.000000	7.582031
515584	5684721	100.000000	7.308594
515840	5686715	100.000000	7.789063
516096	5688608	100.000000	7.394531
516352	5690514	100.000000	7.445313
516608	5692446	100.000000	7.546875
516864	5694434	100.000000	7.765625
517120	5696329	100.000000	7.402344
517376	5698349	100.000000	7.890625
517632	5700282	100.000000	7.550781
517888	5702164	100.000000	7.351563
518144	5704109	100.000000	7.597656
518400	5705999	100.000000	7.382813
518656	5707900	100.000000	7.425781
518912	5709778	100.000000	7.335938
519168	5711812	100.000000	7.945313
519424	5713731	100.000000	7.496094
519680	5715629	100.000000	7.414063
519936	5717560	100.000000	7.542969
520192	5719558	100.000000	7.804688
520448	5721473	100.000000	7.480469
520704	5723440	100.000000	7.683594
520960	5725380	100.000000	7.578125
521216	5727314	100.000000	7.554688
521472	5729302	100.000000	7.765625
521728	5731258	100.000000	7.640625
521984	5733171	100.000000	7.472656
522240	5735077	100.000000	7.445313
522496	5737008	100.000000	7.542969
522752	5738904	100.000000	7.406250
523008	5740832	100.000000	7.531250
523264	5742683	100.000000	7.230469
523520	5744606	100.000000	7.511719
523776	5746561	100.000000	7.636719
524032	5748577	100.000000	7.875000
524288	5750593	100.000000	7.875000
524544	5752431	100.000000	7.179688
524800	5754338	100.000000	7.449219
525056	5756263	100.000000	7.519531
525312	5758249	100.000000	7.757813
525568	5760157	100.000000	7.453125
525824	5762091	100.000000	7.554688
526080	5764046	100.000000	7.636719
526336	5765961	100.000000	7.480469
526592	5767895	100.000000	7.554688
526848	5769819	100.000000	7.515625
527104	5771726	100.000000	7.449219
527360	5773574	100.000000	7.218750
527616	5775498	100.000000	7.515625
527872	5777477	100.000000	7.730469
528128	5779420	100.000000	7.589844
528384	5781445	100.000000	7.910156
528640	5783348	100.000000	7.433594
528896	5785214	100.000000	7.289063
529152	5787157	100.000000	7.589844
529408	5789106	100.000000	7.613281
529664	5791055	100.000000	7.613281
529920	5792994	100.000000	7.574219
530176	5794926	100.000000	7.546875
530432	5796849	100.000000	7.511719
530688	5798734	100.000000	7.363281
530944	5800681	100.000000	7.605469
531200	5802604	100.000000	7.511719
531456	5804493	100.000000	7.378906
531712	5806455	100.000000	7.664063
531968	5808369	100.000000	7.476563
532224	5810249	100.000000	7.343750
532480	5812199	100.000000	7.617188
532736	5814088	100.000000	7.378906
532992	5815961	100.000000	7.316406
533248	5817857	100.000000	7.406250
533504	5819864	100.000000	7.839844
533760	5821783	100.000000	7.496094
534016	5823687	100.000000	7.437500
534272	5825600	100.000000	7.472656
534528	5827508	100.000000	7.453125
534784	5829463	100.000000	7.636719
535040	5831349	100.000000	7.367188
535296	5833300	100.000000	7.621094
535552	5835207	100.000000	7.449219
535808	5837114	100.000000	7.449219
536064	5839003	100.000000	7.378906
536320	5840955	100.000000	7.625000
536576	5842916	100.000000	7.660156
536832	5844849	100.000000	7.550781
537088	5846802	100.000000	7.628906
537344	5848741	100.000000	7.574219
537600	5850616	100.000000	7.324219
537856	5852533	100.000000	7.488281
538112	5854429	100.000000	7.406250
538368	5856389	100.000000	7.656250
538624	5858331	100.000000	7.585938
538880	5860238	100.000000	7.449219
539136	5862150	100.000000	7.468750
539392	5864072	100.000000	7.507813
539648	5866047	100.000000	7.714844
539904	5868052	100.000000	7.832031
540160	5870031	100.000000	7.730469
540416	5871923	100.000000	7.390625
540672	5873810	100.000000	7.371094
540928	5875725	100.000000	7.480469
541184	5877609	100.000000	7.359375
541440	5879583	100.000000	7.710938
541696	5881552	100.000000	7.691406
541952	5883492	100.000000	7.578125
542208	5885413	100.000000	7.503906
542464	5887341	100.000000	7.531250
542720	5889227	100.000000	7.367188
542976	5891158	100.000000	7.542969
543232	5893041	100.000000	7.355469
543488	5895009	100.000000	7.687500
543744	5896894	100.000000	7.363281
544000	5898769	100.000000	7.324219
544256	5900703	100.000000	7.554688
544512	5902613	100.000000	7.460938
544768	5904542	100.000000	7.535156
545024	5906505	100.000000	7.667969
545280	5908362	100.000000	7.253906
545536	5910250	100.000000	7.375000
545792	5912119	100.000000	7.300781
546048	5914046	100.000000	7.527344
546304	5916005	100.000000	7.652344
546560	5917919	100.000000	7.476563
546816	5919862	100.000000	7.589844
547072	5921842	100.000000	7.734375
547328	5923751	100.000000	7.457031
547584	5925674	100.000000	7.511719
547840	5927579	100.000000	7.441406
548096	5929471	100.000000	7.390625
548352	5931363	100.000000	7.390625
548608	5933257	100.000000	7.398438
548864	5935146	100.000000	7.378906
549120	5937080	100.000000	7.554688
549376	5938966	100.000000	7.367188
549632	5940838	100.000000	7.312500
549888	5942717	100.000000	7.339844
550144	5944597	100.000000	7.343750
550400	5946490	100.000000	7.394531
550656	5948346	100.000000	7.250000
550912	5950237	100.000000	7.386719
551168	5952114	100.000000	7.332031
551424	5954027	100.000000	7.472656
551680	5955932	100.000000	7.441406
551936	5957775	100.000000	7.199219
552192	5959632	100.000000	7.253906
552448	5961579	100.000000	7.605469
552704	5963500	100.000000	7.503906
552960	5965446	100.000000	7.601563
553216	5967368	100.000000	7.507813
553472	5969260	100.000000	7.390625
553728	5971202	100.000000	7.585938
553984	5973176	100.000000	7.710938
554240	5975153	100.000000	7.722656
554496	5977098	100.000000	7.597656
554752	5979020	100.000000	7.507813
555008	5980872	100.000000	7.234375
555264	5982795	100.000000	7.511719
555520	5984663	100.000000	7.296875
555776	5986604	100.000000	7.582031
556032	5988540	100.000000	7.562500
556288	5990391	100.000000	7.230469
556544	5992262	100.000000	7.308594
556800	5994132	100.000000	7.304688
557056	5996085	100.000000	7.628906
557312	5998008	100.000000	7.511719
557568	5999929	100.000000	7.503906
557824	6001814	100.000000	7.363281
558080	6003790	100.000000	7.718750
558336	6005724	100.000000	7.554688
558592	6007671	100.000000	7.605469
558848	6009546	100.000000	7.324219
559104	6011425	100.000000	7.339844
559360	6013401	100.000000	7.718750
559616	6015338	100.000000	7.566406
559872	6017260	100.000000	7.507813
560128	6019248	100.000000	7.765625
560384	6021163	100.000000	7.480469
560640	6023075	100.000000	7.468750
560896	6024962	100.000000	7.371094
561152	6026803	100.000000	7.191406
561408	6028697	100.000000	7.398438
561664	6030583	100.000000	7.367188
561920	6032452	100.000000	7.300781
562176	6034353	100.000000	7.425781
562432	6036260	100.000000	7.449219
562688	6038189	100.000000	7.535156
562944	6040109	100.000000	7.500000
563200	6042029	100.000000	7.500000
563456	6043869	100.000000	7.187500
563712	6045774	100.000000	7.441406
563968	6047663	100.000000	7.378906
564224	6049660	99.609375	7.439216
564480	6051575	100.000000	7.480469
564736	6053416	100.000000	7.191406
564992	6055334	100.000000	7.492188
565248	6057232	100.000000	7.414063
565504	6059198	100.000000	7.679688
565760	6061074	100.000000	7.328125
566016	6062926	100.000000	7.234375
566272	6064793	100.000000	7.292969
566528	6066704	100.000000	7.464844
566784	6068518	100.000000	7.085938
567040	6070476	100.000000	7.648438
567296	6072365	100.000000	7.378906
567552	6074227	100.000000	7.273438
567808	6076147	100.000000	7.500000
568064	6078008	100.000000	7.269531
568320	6079843	100.000000	7.167969
568576	6081755	100.000000	7.468750
568832	6083662	100.000000	7.449219
569088	6085561	100.000000	7.417969
569344	6087436	100.000000	7.324219
569600	6089337	100.000000	7.425781
569856	6091226	100.000000	7.378906
570112	6093072	100.000000	7.210938
570368	6095000	100.000000	7.531250
570624	6096913	100.000000	7.472656
570880	6098804	100.000000	7.386719
571136	6100714	100.000000	7.460938
571392	6102566	100.000000	7.234375
571648	6104463	100.000000	7.410156
571904	6106400	100.000000	7.566406
572160	6108308	100.000000	7.453125
572416	6110186	100.000000	7.335938
572672	6112147	99.609375	7.298039
572928	6114045	100.000000	7.414063
573184	6115970	100.000000	7.519531
573440	6117923	100.000000	7.628906
573696	6119843	100.000000	7.500000
573952	6121727	100.000000	7.359375
574208	6123559	100.000000	7.156250
574464	6125397	100.000000	7.179688
574720	6127280	100.000000	7.355469
574976	6129199	100.000000	7.496094
575232	6131152	100.000000	7.628906
575488	6133120	100.000000	7.687500
575744	6135033	100.000000	7.472656
576000	6136914	100.000000	7.347656
576256	6138798	100.000000	7.359375
576512	6140646	100.000000	7.218750
576768	6142550	100.000000	7.437500
577024	6144422	100.000000	7.312500
577280	6146362	100.000000	7.578125
577536	6148288	100.000000	7.523438
577792	6150148	100.000000	7.265625
578048	6152103	100.000000	7.636719
578304	6154000	100.000000	7.410156
578560	6155943	100.000000	7.589844
578816	6157822	100.000000	7.339844
579072	6159688	100.000000	7.289063
579328	6161601	100.000000	7.472656
579584	6163545	100.000000	7.593750
579840	6165494	100.000000	7.613281
580096	6167425	100.000000	7.542969
580352	6169381	100.000000	7.640625
580608	6171264	100.000000	7.355469
580864	6173149	100.000000	7.363281
581120	6174991	100.000000	7.195313
581376	6176847	100.000000	7.250000
581632	6178700	100.000000	7.238281
581888	6180588	100.000000	7.375000
582144	6182477	100.000000	7.378906
582400	6184307	100.000000	7.148438
582656	6186297	99.609375	7.411765
582912	6188177	100.000000	7.343750
583168	6190037	100.000000	7.265625
583424	6191888	100.000000	7.230469
583680	6193793	100.000000	7.441406
583936	6195660	100.000000	7.292969
584192	6197596	100.000000	7.562500
584448	6199564	100.000000	7.687500
584704	6201467	100.000000	7.433594
584960	6203399	100.000000	7.546875
585216	6205318	100.000000	7.496094
585472	6207201	100.000000	7.355469
585728	6209175	100.000000	7.710938
585984	6211250	100.000000	8.105469
586240	6213166	100.000000	7.484375
586496	6215077	100.000000	7.464844
586752	6216988	100.000000	7.464844
587008	6218879	100.000000	7.386719
587264	6220815	100.000000	7.562500
587520	6222727	100.000000	7.468750
587776	6224633	100.000000	7.445313
588032	6226555	100.000000	7.507813
588288	6228483	100.000000	7.531250
588544	6230354	100.000000	7.308594
588800	6232231	100.000000	7.332031
589056	6234111	100.000000	7.343750
589312	6235948	100.000000	7.175781
589568	6237825	100.000000	7.332031
589824	6239785	100.000000	7.656250
590080	6241637	100.000000	7.234375
590336	6243557	100.000000	7.500000
590592	6245484	100.000000	7.527344
590848	6247391	100.000000	7.449219
591104	6249287	100.000000	7.406250
591360	6251217	100.000000	7.539063
591616	6253055	100.000000	7.179688
591872	6254959	100.000000	7.437500
592128	6256855	100.000000	7.406250
592384	6258709	100.000000	7.242188
592640	6260628	100.000000	7.496094
592896	6262515	100.000000	7.371094
593152	6264385	100.000000	7.304688
593408	6266258	100.000000	7.316406
593664	6268148	100.000000	7.382813
593920	6270096	100.000000	7.609375
594176	6271995	100.000000	7.417969
594432	6273880	100.000000	7.363281
594688	6275787	100.000000	7.449219
594944	6277663	100.000000	7.328125
595200	6279576	100.000000	7.472656
595456	6281474	100.000000	7.414063
595712	6283348	100.000000	7.320313
595968	6285264	100.000000	7.484375
596224	6287215	100.000000	7.621094
596480	6289085	100.000000	7.304688
596736	6291002	100.000000	7.488281
596992	6292930	100.000000	7.531250
597248	6294870	100.000000	7.578125
597504	6296755	100.000000	7.363281
597760	6298639	100.000000	7.359375
598016	6300502	100.000000	7.277344
598272	6302443	100.000000	7.582031
598528	6304348	100.000000	7.441406
598784	6306255	100.000000	7.449219
599040	6308102	100.000000	7.214844
599296	6309909	100.000000	7.058594
599552	6311790	100.000000	7.347656
599808	6313649	100.000000	7.261719
600064	6315537	100.000000	7.375000
600320	6317491	100.000000	7.632813
600576	6319424	100.000000	7.550781
600832	6321315	100.000000	7.386719
601088	6323227	100.000000	7.468750
601344	6325148	100.000000	7.503906
601600	6327084	100.000000	7.562500
601856	6329052	100.000000	7.687500
602112	6330927	100.000000	7.324219
602368	6332812	100.000000	7.363281
602624	6334706	100.000000	7.398438
602880	6336579	100.000000	7.316406
603136	6338459	100.000000	7.343750
603392	6340350	100.000000	7.386719
603648	6342226	100.000000	7.328125
603904	6344117	100.000000	7.386719
604160	6346002	100.000000	7.363281
604416	6347878	100.000000	7.328125
604672	6349806	100.000000	7.531250
604928	6351669	100.000000	7.277344
605184	6353562	100.000000	7.394531
605440	6355457	100.000000	7.402344
605696	6357350	100.000000	7.394531
605952	6359227	100.000000	7.332031
606208	6361127	100.000000	7.421875
606464	6363019	100.000000	7.390625
606720	6364889	100.000000	7.304688
606976	6366854	100.000000	7.675781
607232	6368752	100.000000	7.414063
607488	6370574	100.000000	7.117188
607744	6372495	100.000000	7.503906
608000	6374325	100.000000	7.148438
608256	6376217	100.000000	7.390625
608512	6378104	100.000000	7.371094
608768	6380041	100.000000	7.566406
609024	6381942	100.000000	7.425781
609280	6383843	100.000000	7.425781
609536	6385708	100.000000	7.285156
609792	6387594	100.000000	7.367188
610048	6389471	100.000000	7.332031
610304	6391362	100.000000	7.386719
610560	6393246	100.000000	7.359375
610816	6395159	100.000000	7.472656
611072	6397028	100.000000	7.300781
611328	6398912	100.000000	7.359375
611584	6400806	100.000000	7.398438
611840	6402733	100.000000	7.527344
612096	6404624	100.000000	7.386719
612352	6406526	100.000000	7.429688
612608	6408442	100.000000	7.484375
612864	6410344	100.000000	7.429688
613120	6412169	100.000000	7.128906
613376	6414041	100.000000	7.312500
613632	6415896	100.000000	7.246094
613888	6417746	100.000000	7.226563
614144	6419593	100.000000	7.214844
614400	6421481	100.000000	7.375000
614656	6423332	100.000000	7.230469
614912	6425206	100.000000	7.320313
615168	6427037	100.000000	7.152344
615424	6428893	100.000000	7.250000
615680	6430797	100.000000	7.437500
615936	6432701	100.000000	7.437500
616192	6434607	100.000000	7.445313
616448	6436534	100.000000	7.527344
616704	6438424	100.000000	7.382813
616960	6440294	100.000000	7.304688
617216	6442201	100.000000	7.449219
617472	6444099	100.000000	7.414063
617728	6445992	100.000000	7.394531
617984	6447876	100.000000	7.359375
618240	6449813	100.000000	7.566406
618496	6451670	100.000000	7.253906
618752	6453547	100.000000	7.332031
619008	6455443	100.000000	7.406250
619264	6457339	100.000000	7.406250
619520	6459226	100.000000	7.371094
619776	6461099	100.000000	7.316406
620032	6462963	100.000000	7.281250
620288	6464879	100.000000	7.484375
620544	6466724	100.000000	7.207031
620800	6468693	100.000000	7.691406
621056	6470574	100.000000	7.347656
621312	6472502	100.000000	7.531250
621568	6474389	100.000000	7.371094
621824	6476301	100.000000	7.468750
622080	6478194	100.000000	7.394531
622336	6480112	100.000000	7.492188
622592	6481978	100.000000	7.289063
622848	6483888	100.000000	7.460938
623104	6485812	100.000000	7.515625
623360	6487707	100.000000	7.402344
623616	6489609	100.000000	7.429688
623872	6491468	100.000000	7.261719
624128	6493366	100.000000	7.414063
624384	6495196	100.000000	7.148438
624640	6497061	100.000000	7.285156
624896	6498905	100.000000	7.203125
625152	6500825	100.000000	7.500000
625408	6502729	100.000000	7.437500
625664	6504613	100.000000	7.359375
625920	6506548	100.000000	7.558594
626176	6508433	100.000000	7.363281
626432	6510346	100.000000	7.472656
626688	6512216	100.000000	7.304688
626944	6514196	100.000000	7.734375
627200	6516096	100.000000	7.421875
627456	6518029	100.000000	7.550781
627712	6519888	100.000000	7.261719
627968	6521695	100.000000	7.058594
628224	6523527	100.000000	7.156250
628480	6525401	100.000000	7.320313
628736	6527299	100.000000	7.414063
628992	6529240	100.000000	7.582031
629248	6531131	100.000000	7.386719
629504	6532999	100.000000	7.296875
629760	6534854	100.000000	7.246094
630016	6536707	100.000000	7.238281
630272	6538566	100.000000	7.261719
630528	6540462	100.000000	7.406250
630784	6542333	100.000000	7.308594
631040	6544215	100.000000	7.351563
