256	22749	12.500000	10.906250	33.058575	327.445552
512	43568	22.265625	16.122807	35.653318	325.068974
768	61067	38.671875	18.171717	36.694750	316.019863
1024	78150	41.406250	19.650943	39.427198	325.060304
1280	94119	46.093750	18.381356	39.039115	322.303596
1536	111149	42.578125	21.376147	41.763322	320.316227
1792	126270	50.000000	18.132813	39.868565	322.216068
2048	141360	49.609375	17.244094	40.933536	323.509159
2304	155085	55.078125	15.780142	35.470732	320.150196
2560	169278	56.640625	21.331034	40.694097	314.575978
2816	181547	63.281250	17.709877	39.273576	321.147866
3072	193383	66.406250	19.035294	41.637857	321.035984
3328	204782	67.968750	18.385057	42.413694	317.157048
3584	213642	79.296875	17.536946	38.631397	318.182988
3840	223145	76.953125	18.289340	41.191872	318.344205
4096	233526	73.828125	19.476190	41.514410	315.420741
4352	243314	76.953125	19.736041	39.476745	317.688029
4608	252710	79.296875	20.177340	41.887207	317.817106
4864	261983	79.687500	19.965686	41.157152	319.134160
5120	271480	80.859375	22.207729	40.998774	315.854708
5376	281591	78.125000	22.555000	43.451781	312.854787
5632	290220	84.765625	21.792627	40.229387	315.703039
5888	298839	83.984375	21.018605	42.518677	316.507101
6144	308329	79.296875	20.640394	43.729708	318.540737
6400	317026	84.765625	22.105991	43.449498	315.833711
6656	326413	81.640625	22.425837	40.324366	318.442907
6912	334299	85.937500	19.481818	42.144027	313.256939
7168	341786	87.109375	18.775785	43.114341	314.217522
7424	350929	83.203125	22.737089	45.360561	317.242408
7680	358328	89.062500	20.171053	43.286396	314.011196
7936	366283	87.890625	21.577778	40.555799	315.161774
8192	374350	86.328125	20.665158	41.654464	315.222286
8448	381529	89.843750	19.908696	41.719994	317.807444
8704	388159	92.578125	19.957806	42.006189	315.592888
8960	395274	89.843750	19.630435	40.890079	312.632267
9216	401482	94.140625	19.535270	41.541300	314.682947
9472	408935	88.671875	20.057269	40.544570	313.428052
9728	415396	92.187500	18.902542	44.514910	312.011925
9984	422375	91.406250	20.423077	41.498435	314.734956
10240	428364	94.921875	19.296296	43.198810	313.486039
10496	434614	92.187500	18.008475	41.477834	314.920394
10752	440752	94.921875	19.909465	41.852139	315.094528
11008	447036	94.140625	19.850622	44.803051	313.419809
11264	453022	95.703125	19.942857	45.877477	312.258406
11520	459028	95.703125	20.024490	42.047764	312.936845
11776	465306	93.359375	19.154812	43.614516	313.278521
12032	470544	96.875000	17.895161	41.882697	312.313358
12288	476604	95.312500	19.918033	42.761149	314.525068
12544	482308	96.875000	19.774194	42.232776	306.929166
12800	487285	97.656250	17.508000	45.020321	309.415797
13056	492299	97.265625	17.325301	44.777426	312.675168
13312	498257	95.312500	19.500000	46.322714	314.357265
13568	503710	97.656250	19.412000	43.863356	313.502587
13824	509102	98.046875	19.490040	42.283856	312.836838
14080	514610	96.875000	18.983871	44.962646	314.412793
14336	519503	98.828125	18.154150	43.262739	305.819087
14592	524397	98.437500	17.833333	44.867662	310.089233
14848	529793	96.875000	18.532258	42.504043	308.642172
15104	535074	97.265625	18.397590	43.511173	308.463843
15360	539950	98.046875	17.434263	43.735068	312.007891
15616	545022	97.656250	17.888000	40.849577	312.400061
15872	549875	98.437500	17.670635	42.086176	311.551984
16128	554901	97.656250	17.704000	44.655260	313.224584
16384	559840	97.265625	17.024096	43.969583	311.056172
16640	564372	98.828125	16.727273	45.224513	311.897380
16896	569170	98.437500	17.452381	45.293215	312.165796
17152	573563	98.437500	15.845238	45.126963	312.422292
17408	578161	99.609375	17.639216	49.830068	311.236696
17664	582850	98.437500	17.019841	43.541488	307.665837
17920	587070	100.000000	16.484375	44.987495	310.965085
18176	591078	99.609375	15.325490	45.099637	311.458300
18432	595496	99.609375	16.933333	46.135097	299.699025
18688	599997	98.828125	16.604743	42.390422	307.647979
18944	604229	99.218750	15.874016	46.874105	311.820906
19200	608547	98.828125	15.881423	45.226661	308.959461
19456	612976	98.828125	16.320158	47.763147	309.886179
19712	617211	99.609375	16.215686	44.261156	310.432846
19968	621381	100.000000	16.289063	44.853477	311.224321
20224	626143	97.656250	16.648000	44.457010	312.110080
20480	630542	98.828125	16.201581	45.641324	306.653611
20736	634611	99.218750	15.232283	45.070565	307.924869
20992	638933	100.000000	16.882813	44.198621	306.051169
21248	643076	100.000000	16.183594	42.461061	306.709903
21504	647526	99.609375	17.058824	45.604613	305.616576
21760	652061	98.828125	16.739130	47.298221	303.893804
22016	656048	100.000000	15.574219	46.902614	305.771255
22272	660278	98.046875	14.860558	46.880280	308.385896
22528	664364	98.828125	14.964427	45.397447	305.118160
22784	668542	98.828125	15.328063	46.646017	306.096346
23040	672396	100.000000	15.054688	45.751476	305.048083
23296	676528	98.828125	15.146245	46.301309	303.537135
23552	680559	99.609375	15.415686	43.873132	296.111422
23808	684313	99.609375	14.329412	43.728519	302.826838
24064	688785	98.437500	16.158730	46.435088	303.167491
24320	692712	98.046875	13.653386	46.656769	307.127946
24576	696818	98.437500	14.706349	48.471784	307.288577
24832	700659	99.609375	14.670588	47.271021	306.361210
25088	704623	99.218750	14.818898	48.185572	303.942364
25344	709015	97.656250	15.168000	47.514066	308.101208
25600	713210	98.828125	15.395257	46.220325	303.353401
25856	717178	98.828125	14.498024	46.684008	306.518796
26112	721245	98.046875	14.211155	44.975747	306.842528
26368	725479	98.046875	14.876494	45.680698	307.728012
26624	729628	97.265625	13.851406	44.825206	308.057338
26880	733840	97.265625	14.104418	47.188133	307.164470
27136	737880	98.046875	14.103586	46.049282	307.233915
27392	741893	98.828125	14.675889	45.185890	307.334710
27648	745706	99.609375	14.560784	47.753294	306.551169
27904	749355	99.609375	13.917647	46.913934	305.575716
28160	752983	100.000000	14.171875	48.940419	304.465428
28416	756838	99.218750	14.389764	46.343213	306.620094
28672	761041	97.265625	14.068273	47.976034	307.124770
28928	764865	98.437500	13.587302	47.890578	302.883315
29184	768712	98.046875	13.334661	46.914370	303.161385
29440	772772	97.265625	13.493976	46.481196	307.010032
29696	776314	99.609375	13.498039	46.983394	304.720141
29952	779935	98.828125	13.126482	47.179272	304.574273
30208	784139	97.265625	14.072289	47.298572	307.402615
30464	788353	96.875000	13.766129	48.578157	306.317309
30720	792344	97.265625	13.216867	47.486171	306.216443
30976	796591	97.656250	14.588000	48.761403	301.393350
31232	800731	96.875000	13.467742	46.234624	296.066984
31488	804651	97.656250	13.280000	46.858348	301.502936
31744	808624	98.046875	13.836653	45.055743	301.605030
32000	812896	96.875000	14.000000	50.561186	308.499908
32256	816824	96.875000	12.612903	48.016875	309.467292
32512	820863	97.265625	13.409639	48.792132	309.575327
32768	824602	97.656250	12.556000	48.949509	309.159245
33024	828987	96.484375	14.109312	48.324680	309.596139
33280	832401	99.609375	12.996078	50.784130	307.533546
33536	836346	98.046875	13.725100	44.844576	306.350050
33792	840689	96.093750	13.589431	46.639558	306.777471
34048	845250	95.703125	14.126531	47.872788	304.479218
34304	849654	96.093750	13.837398	46.097354	305.861274
34560	854129	95.312500	13.422131	48.099451	306.847555
34816	858153	96.484375	12.647773	45.111785	309.591300
35072	863205	92.578125	13.299578	45.559647	312.142862
35328	869015	89.453125	13.580786	49.348110	312.799177
35584	876401	84.375000	15.675926	49.525507	314.237557
35840	884939	79.687500	16.362745	42.666408	314.789869
36096	893282	82.031250	17.823810	48.240836	313.106178
36352	903033	76.562500	19.137755	45.351580	316.338027
36608	913366	75.390625	20.896373	43.944482	315.936499
36864	922217	81.640625	19.861244	50.557774	315.113193
37120	933391	71.875000	21.597826	44.086920	315.721537
37376	945543	69.140625	24.022599	46.610803	310.266963
37632	956816	72.656250	22.973118	49.023413	317.790750
37888	968968	69.921875	24.871508	46.132967	318.438119
38144	980874	71.484375	25.169399	46.028296	317.782089
38400	992254	73.828125	24.761905	46.034785	309.938472
38656	1003224	75.390625	24.196891	46.600864	317.455238
38912	1013743	79.296875	25.709360	44.263637	307.415468
39168	1023732	79.296875	23.098522	44.574299	309.101710
39424	1033325	80.468750	22.296117	43.411314	314.163479
39680	1042950	82.031250	23.928571	44.750714	312.685182
39936	1051381	85.937500	21.959091	44.629707	315.330587
40192	1061024	82.031250	24.014286	43.495125	312.615264
40448	1069580	86.328125	22.877828	42.604566	307.956061
40704	1078439	87.109375	24.928251	43.235024	300.876063
40960	1086617	87.890625	22.568889	42.754060	310.088895
41216	1095291	88.281250	25.106195	44.873743	313.730532
41472	1104178	88.281250	26.048673	45.282224	315.385297
41728	1112114	91.406250	24.512821	44.952787	313.761152
41984	1120404	90.234375	25.064935	43.911746	312.626956
42240	1128447	89.062500	22.995614	46.205835	315.081164
42496	1135967	91.796875	23.063830	44.660914	314.264208
42752	1143535	91.406250	22.940171	43.287287	317.125018
43008	1150520	94.140625	22.759336	41.797571	316.362589
43264	1156718	93.750000	19.158333	40.516994	302.794889
43520	1163226	93.750000	20.450000	47.178509	295.444145
43776	1170628	92.968750	23.537815	45.659613	305.642773
44032	1178093	93.359375	24.121339	44.064239	316.831969
44288	1184864	94.921875	22.514403	44.522662	316.671970
44544	1191989	92.187500	21.716102	46.351732	317.893970
44800	1198443	96.484375	22.485830	46.191661	314.630799
45056	1204411	94.531250	18.876033	44.489339	316.278405
45312	1211205	94.531250	22.289256	44.751254	308.180304
45568	1217015	99.218750	22.086614	46.477992	301.941279
45824	1223370	97.265625	22.710843	45.053037	316.469826
46080	1230078	94.921875	22.255144	46.692310	316.835903
46336	1235813	97.656250	20.540000	45.495051	315.133794
46592	1242011	95.703125	20.808163	44.543929	316.778365
46848	1248234	96.484375	21.550607	45.180392	316.646126
47104	1254329	95.703125	20.387755	45.229771	314.305429
47360	1260992	94.531250	21.747934	46.440546	312.944687
47616	1266971	97.265625	21.200803	44.332474	316.721125
47872	1272411	98.046875	19.681275	45.715370	309.729591
48128	1277850	98.828125	20.312253	44.626276	298.917707
48384	1283578	97.656250	20.512000	45.127202	302.846183
48640	1289348	96.875000	20.040323	48.370856	317.475742
48896	1294685	98.437500	19.591270	47.914696	315.705152
49152	1300427	96.875000	19.927419	44.698125	315.328658
49408	1305786	100.000000	20.933594	43.800107	315.224405
49664	1311531	96.875000	19.939516	45.001917	317.300826
49920	1316894	98.046875	19.374502	45.370324	316.317067
50176	1322335	98.046875	19.685259	44.847197	316.614014
50432	1327585	98.437500	19.246032	48.880826	316.854547
50688	1332603	98.828125	18.648221	43.994741	312.003757
50944	1338117	97.265625	19.333333	45.668379	316.554323
51200	1343420	99.218750	20.090551	44.519410	316.634923
51456	1348814	98.437500	19.817460	46.617253	317.024649
51712	1354055	98.437500	19.210317	45.254389	305.591282
51968	1358916	99.609375	18.670588	44.071522	300.409578
52224	1364001	98.828125	18.913043	45.754332	315.693474
52480	1369163	100.000000	20.164063	47.345659	314.537323
52736	1374073	99.609375	18.862745	47.885972	312.303179
52992	1379376	98.437500	19.456349	46.623185	312.493565
53248	1384279	97.656250	17.212000	45.179167	312.558440
53504	1389411	99.218750	19.417323	45.587248	311.807348
53760	1394818	98.437500	19.869048	49.350167	309.374653
54016	1399381	99.218750	17.177165	46.611937	299.307384
54272	1404250	99.609375	18.701961	46.530093	315.960293
54528	1409074	98.828125	17.881423	48.550519	315.108124
54784	1413541	99.218750	16.799213	46.591871	315.251415
55040	1418196	99.218750	17.539370	46.759365	315.123972
55296	1422538	100.000000	16.960938	46.232227	305.960376
55552	1426886	100.000000	16.984375	47.720343	306.483401
55808	1431676	98.437500	17.420635	48.387649	316.432033
56064	1436201	99.609375	17.352941	46.266048	314.604467
56320	1440656	100.000000	17.402344	48.129203	314.507303
56576	1445350	99.609375	18.015686	45.535454	316.192844
56832	1450480	99.218750	19.409449	48.066964	314.595466
57088	1455021	100.000000	17.738281	46.695252	314.966084
57344	1459976	99.218750	18.720472	46.585479	308.609505
57600	1464258	100.000000	16.726563	46.211830	309.739522
57856	1468813	99.218750	17.145669	42.934243	293.793733
58112	1473189	99.609375	16.768627	50.075583	301.392545
58368	1477345	100.000000	16.234375	44.680232	311.308500
58624	1481938	99.218750	17.295276	46.340330	313.561625
58880	1486240	99.609375	16.478431	47.475173	315.793227
59136	1490384	99.609375	15.858824	48.128619	314.588752
59392	1494684	100.000000	16.796875	48.179742	303.431623
59648	1498876	100.000000	16.375000	44.518750	312.608233
59904	1502947	100.000000	15.902344	44.883273	313.293282
60160	1506985	100.000000	15.773438	47.239484	301.823289
60416	1511322	99.609375	16.615686	49.154701	303.189704
60672	1515351	100.000000	15.738281	47.147311	307.617477
60928	1519452	100.000000	16.019531	47.799326	306.785461
61184	1523518	99.609375	15.552941	46.054016	304.641428
61440	1527867	99.218750	16.334646	46.378515	302.210340
61696	1531812	100.000000	15.410156	45.556676	291.987193
61952	1536080	100.000000	16.671875	49.134715	292.144345
62208	1540033	100.000000	15.441406	47.664500	302.460285
62464	1544421	100.000000	17.140625	47.380275	300.700489
62720	1548519	99.218750	15.346457	44.560427	296.698333
62976	1552613	99.609375	15.662745	51.726967	288.801020
63232	1556543	100.000000	15.351563	47.221871	301.495239
63488	1560516	99.218750	14.854331	46.570527	297.734281
63744	1564284	100.000000	14.718750	47.776321	297.964024
64000	1567922	100.000000	14.210938	46.906918	300.334083
64256	1571554	100.000000	14.187500	47.750240	301.117437
64512	1575946	100.000000	17.156250	47.950607	304.280306
64768	1579941	100.000000	15.605469	44.948355	302.671568
65024	1583650	99.609375	14.152941	48.258076	301.184704
65280	1587597	100.000000	15.417969	47.426033	304.465141
65536	1591435	100.000000	14.992188	48.358828	300.342005
65792	1595634	100.000000	16.402344	46.907066	302.963658
66048	1599675	100.000000	15.785156	48.670904	303.915909
66304	1603655	100.000000	15.546875	43.721101	304.160068
66560	1607324	100.000000	14.332031	50.034650	302.854118
66816	1611075	100.000000	14.652344	47.037573	304.366368
67072	1615028	99.609375	15.109804	50.618748	304.128842
67328	1618679	100.000000	14.261719	48.841168	301.577345
67584	1622267	100.000000	14.015625	50.273890	302.122232
67840	1625916	100.000000	14.253906	48.467706	303.499804
68096	1629371	100.000000	13.496094	47.007585	301.152923
68352	1633280	100.000000	15.269531	50.777687	296.866501
68608	1637127	100.000000	15.027344	48.850741	303.523775
68864	1640975	99.609375	14.698039	48.181964	290.665281
69120	1644865	100.000000	15.195313	50.142287	298.985081
69376	1648548	100.000000	14.386719	49.576562	299.705119
69632	1652237	99.609375	14.074510	49.621232	298.423801
69888	1656018	100.000000	14.769531	46.484934	302.414503
70144	1660003	99.218750	14.901575	48.022475	304.569777
70400	1663802	99.609375	14.505882	49.041998	302.150322
70656	1667340	100.000000	13.820313	46.952989	297.850430
70912	1670804	99.609375	13.192157	51.492687	297.086368
71168	1674360	100.000000	13.890625	50.256039	297.427661
71424	1678023	99.609375	13.972549	47.290124	297.765742
71680	1681665	100.000000	14.226563	46.287083	301.799052
71936	1685196	100.000000	13.792969	51.171753	307.493097
72192	1689173	99.609375	15.203922	51.421090	305.323999
72448	1692925	100.000000	14.656250	53.896376	304.595491
72704	1696478	99.609375	13.541176	46.534907	312.148071
72960	1699996	100.000000	13.742188	49.038082	308.797606
73216	1703680	100.000000	14.390625	48.243351	311.486869
73472	1707106	100.000000	13.382813	50.651557	312.811171
73728	1710710	99.609375	13.741176	48.197160	313.970840
73984	1714027	100.000000	12.957031	52.711468	313.763507
74240	1717610	100.000000	13.996094	47.953232	315.530566
74496	1721152	100.000000	13.835938	47.471372	313.753111
74752	1724756	99.609375	13.741176	49.149822	310.928462
75008	1728047	99.609375	12.513725	47.190387	312.507178
75264	1731539	100.000000	13.640625	47.947783	306.101097
75520	1735255	99.218750	13.842520	51.403735	307.575505
75776	1738679	100.000000	13.375000	47.895496	314.556361
76032	1742135	98.828125	12.474308	49.003640	314.441989
76288	1746078	99.609375	15.070588	48.929382	315.672723
76544	1749320	100.000000	12.664063	46.721481	315.028162
76800	1752703	100.000000	13.214844	49.419287	311.695247
77056	1756438	99.609375	14.254902	47.717397	313.876962
77312	1759839	99.609375	12.945098	49.422568	313.380295
77568	1763437	99.609375	13.717647	49.710328	313.935511
77824	1766849	100.000000	13.328125	46.639281	307.246413
78080	1770356	100.000000	13.699219	52.973688	295.985190
78336	1773872	100.000000	13.734375	45.058038	299.033054
78592	1777296	100.000000	13.375000	49.042326	301.191865
78848	1780625	100.000000	13.003906	53.051531	308.329922
79104	1783997	100.000000	13.171875	51.751512	308.781332
79360	1787692	99.609375	14.098039	52.272909	299.369193
79616	1791199	100.000000	13.699219	49.198820	297.756469
79872	1794594	99.609375	12.921569	53.412278	295.592496
80128	1797895	100.000000	12.894531	50.413444	302.794315
80384	1801364	99.609375	13.211765	48.485656	298.801257
80640	1804843	99.609375	13.250980	47.507947	305.541267
80896	1808281	99.609375	13.090196	50.966862	313.795993
81152	1811900	99.218750	13.460630	49.146838	315.089014
81408	1815446	99.609375	13.513725	50.307219	311.534412
81664	1818949	100.000000	13.683594	49.938354	313.270855
81920	1822338	100.000000	13.238281	51.530318	313.871648
82176	1825599	100.000000	12.738281	51.150989	314.238772
82432	1828920	100.000000	12.972656	47.038664	313.569886
82688	1832286	100.000000	13.148438	50.486095	307.572973
82944	1835927	99.218750	13.547244	50.228337	295.114571
83200	1838858	100.000000	11.449219	48.341940	287.253374
83456	1842343	99.609375	13.274510	51.990422	308.242362
83712	1845495	100.000000	12.312500	51.337050	305.308876
83968	1848791	99.218750	12.188976	50.131941	309.340626
84224	1852214	99.609375	13.031373	54.571694	309.599607
84480	1855386	100.000000	12.390625	47.977089	303.232106
84736	1858792	99.609375	12.964706	52.392977	303.998871
84992	1862126	99.609375	12.682353	52.427504	309.397269
85248	1865337	100.000000	12.542969	51.833639	309.414092
85504	1868549	100.000000	12.546875	52.981921	307.166778
85760	1871663	100.000000	12.164063	50.567702	307.112271
86016	1874724	100.000000	11.957031	52.607941	308.120219
86272	1877843	100.000000	12.183594	47.355085	300.743250
86528	1880790	100.000000	11.511719	53.198152	293.131372
86784	1883944	100.000000	12.320313	54.181009	296.124817
87040	1887548	98.828125	13.059289	49.468219	307.782172
87296	1890588	100.000000	11.875000	48.875375	309.467824
87552	1893665	100.000000	12.019531	53.919419	307.501844
87808	1896903	99.609375	12.305882	50.949030	310.120331
88064	1900261	99.218750	12.433071	49.747706	309.017234
88320	1903631	99.609375	12.823529	52.164852	309.739484
88576	1906762	99.609375	11.886275	50.296523	307.391354
88832	1910180	99.609375	13.011765	52.501585	308.216265
89088	1913489	99.218750	12.240157	51.901452	308.620634
89344	1916642	99.609375	11.972549	50.846971	310.275569
89600	1920214	99.218750	13.275591	51.337255	309.605979
89856	1923465	100.000000	12.699219	52.384257	307.694684
90112	1926748	99.609375	12.482353	48.681410	306.762447
90368	1930108	99.218750	12.440945	53.850823	307.708065
90624	1933335	98.828125	11.569170	55.977556	308.920302
90880	1936547	98.828125	11.509881	53.082118	308.949227
91136	1940010	98.437500	12.154762	49.409293	310.337025
91392	1943252	99.609375	12.321569	53.053517	310.047191
91648	1946620	99.218750	12.472441	55.682735	309.909419
91904	1950073	97.656250	11.412000	51.651737	309.855717
92160	1953436	98.828125	12.106719	52.077714	310.020738
92416	1956421	99.609375	11.313725	49.643767	307.005950
92672	1959823	98.828125	12.260870	53.924730	308.645428
92928	1962932	99.609375	11.800000	54.519822	309.075459
93184	1966337	97.656250	11.220000	55.897426	310.662843
93440	1969726	98.828125	12.209486	55.902015	306.453447
93696	1972779	99.218750	11.232283	50.996301	308.761846
93952	1976133	98.828125	12.071146	55.836617	311.500736
94208	1979401	99.218750	12.078740	54.611889	309.658148
94464	1982634	99.218750	11.940945	53.699189	306.395529
94720	1985697	99.218750	11.271654	50.983363	307.036931
94976	1988810	99.218750	11.468504	52.092224	307.563341
95232	1992093	98.046875	11.087649	54.852211	310.499716
95488	1995073	99.218750	10.944882	53.745751	308.828274
95744	1998170	99.218750	11.405512	50.802682	307.464663
96000	2001585	99.218750	12.657480	57.727031	306.030829
96256	2004682	99.609375	11.752941	55.380106	304.740472
96512	2007627	99.218750	10.807087	55.570319	309.316631
96768	2010605	99.609375	11.286275	55.288114	305.610141
97024	2013785	99.609375	12.078431	54.659594	311.778426
97280	2017266	98.437500	12.226190	54.832270	312.744937
97536	2020398	99.218750	11.543307	53.934091	312.037031
97792	2023122	100.000000	10.640625	56.740142	311.495424
98048	2026171	98.046875	10.155378	52.637807	312.948034
98304	2029233	100.000000	11.960938	53.883417	312.563573
98560	2032085	100.000000	11.140625	53.200007	311.133027
98816	2035184	99.218750	11.413386	57.660861	313.221639
99072	2038337	99.218750	11.625984	52.177533	309.912321
99328	2041325	99.609375	11.325490	55.051936	311.251504
99584	2044532	99.218750	11.838583	54.019287	302.863180
99840	2047495	99.218750	10.877953	54.610864	296.364180
100096	2050388	99.609375	10.952941	53.580201	296.899071
100352	2053313	99.218750	10.728346	54.699139	299.078634
100608	2056496	99.218750	11.744094	52.937688	306.821175
100864	2059509	98.828125	10.723320	52.767442	307.910896
101120	2062340	100.000000	11.058594	55.373457	306.609257
101376	2065219	99.609375	10.898039	50.883241	307.471065
101632	2068149	99.609375	11.098039	55.145101	304.592335
101888	2071657	98.046875	11.984064	58.079245	307.266515
102144	2074665	99.609375	11.403922	57.275581	307.327842
102400	2077770	99.218750	11.437008	55.474327	310.543673
102656	2080818	99.218750	11.212598	56.920359	309.901103
102912	2083992	99.218750	11.708661	57.325628	309.215162
103168	2087180	98.437500	11.063492	56.364694	308.825955
103424	2090473	98.437500	11.480159	58.711788	310.208677
103680	2093353	99.609375	10.901961	58.971538	295.523996
103936	2096213	100.000000	11.171875	58.953245	296.636598
104192	2099473	98.828125	11.699605	57.220306	301.473136
104448	2102352	99.218750	10.547244	57.300116	311.259464
104704	2105220	99.218750	10.503937	56.873222	309.392725
104960	2108096	98.828125	10.181818	54.984690	310.520801
105216	2111478	97.656250	11.128000	55.710520	311.969045
105472	2114439	98.828125	10.517787	54.593294	309.619030
105728	2117482	100.000000	11.886719	55.684643	310.898456
105984	2120350	99.609375	10.854902	57.425099	309.856059
106240	2123943	97.265625	11.618474	56.161473	307.540138
106496	2127349	97.656250	11.224000	59.227703	307.072068
106752	2130498	98.828125	11.260870	56.050824	308.942834
107008	2133433	99.609375	11.117647	59.187132	311.243737
107264	2136472	99.609375	11.525490	59.862657	309.796691
107520	2139733	98.437500	11.353175	57.933472	311.305085
107776	2142620	99.609375	10.929412	58.036522	310.342472
108032	2145677	100.000000	11.941406	58.580281	311.406663
108288	2148785	100.000000	12.140625	55.511706	309.400782
108544	2151775	99.218750	10.984252	56.243121	308.398950
108800	2154623	99.218750	10.425197	56.095173	306.931877
109056	2157575	99.609375	11.184314	59.398629	309.025133
109312	2161076	98.046875	11.956175	57.196155	312.919424
109568	2164348	98.828125	11.747036	59.138555	304.381381
109824	2168040	96.875000	11.661290	58.093684	298.185002
110080	2171552	98.437500	12.349206	55.791717	313.348186
110336	2175207	97.265625	11.867470	60.560424	313.183343
110592	2178668	98.437500	12.146825	57.852081	315.460069
110848	2181706	99.609375	11.521569	58.400940	313.047472
111104	2185436	96.484375	11.457490	54.845022	314.198004
111360	2189609	96.093750	12.898374	57.394223	315.587652
111616	2193865	94.921875	12.164609	55.312860	314.849411
111872	2199700	90.234375	14.437229	57.443844	318.536345
112128	2205540	90.234375	14.458874	52.696050	311.977957
112384	2213330	83.203125	16.384977	53.212125	302.839096
112640	2221493	81.640625	16.569378	52.402323	316.135906
112896	2230826	78.125000	18.665000	53.110888	305.016235
113152	2242482	67.187500	18.930233	50.360476	311.378779
113408	2253791	69.531250	19.713483	45.975323	317.625057
113664	2264889	70.703125	19.878453	46.139335	317.454048
113920	2276004	71.484375	20.846995	46.855801	313.502379
114176	2286903	73.437500	21.803191	50.078929	315.413049
114432	2297898	71.875000	20.625000	51.269981	311.528211
114688	2308522	73.437500	20.340426	45.422525	319.612672
114944	2318971	73.828125	19.835979	43.671104	318.465711
115200	2328573	78.125000	20.010000	48.173790	308.233520
115456	2339184	76.171875	23.133333	45.779956	317.628798
115712	2347544	83.203125	19.061033	41.776123	313.380682
115968	2356759	81.250000	21.225962	47.118735	309.530951
116224	2365506	84.765625	22.336406	47.275580	309.805262
116480	2373804	85.546875	20.995434	46.978215	315.082698
116736	2381917	85.937500	20.513636	45.499284	316.894725
116992	2388984	89.062500	18.714912	43.775028	313.820064
117248	2396499	88.671875	20.330396	46.492107	310.159672
117504	2404020	89.453125	21.052402	46.195251	311.933517
117760	2411583	88.281250	20.190265	42.377283	305.624272
118016	2418999	91.796875	22.621277	47.466196	308.687439
118272	2426178	89.453125	19.558952	45.697479	319.514619
118528	2433708	92.968750	24.075630	44.898431	318.843315
118784	2440673	91.796875	20.702128	46.353517	317.967065
119040	2447678	91.796875	20.872340	43.886681	313.988326
119296	2454552	93.750000	21.975000	46.152043	316.815087
119552	2460650	93.750000	18.741667	45.943813	312.602831
119808	2467057	92.968750	19.357143	46.691681	311.641798
120064	2473593	94.140625	20.896266	44.638080	314.530589
120320	2479859	93.359375	19.104603	46.318505	318.615928
120576	2485127	97.265625	18.345382	43.447794	315.075021
120832	2490774	97.265625	19.867470	48.036995	317.029497
121088	2495742	98.046875	17.800797	45.110641	316.236423
121344	2501058	96.093750	17.544715	43.704668	317.875975
121600	2506272	98.828125	19.422925	45.509891	316.796041
121856	2511741	98.046875	19.796813	47.578283	316.053462
122112	2517416	97.265625	19.979920	47.419407	313.499337
122368	2523014	96.093750	18.691057	47.355161	312.762249
122624	2528213	97.656250	18.396000	47.021604	312.666441
122880	2532745	98.828125	16.727273	46.536350	310.832870
123136	2537998	98.046875	18.936255	46.079623	307.277310
123392	2542938	97.265625	17.028112	44.508273	311.769058
123648	2547967	97.656250	17.716000	46.315001	312.044365
123904	2552927	98.046875	17.768924	43.215682	312.399791
124160	2557645	98.437500	17.134921	44.390503	312.300691
124416	2562459	97.656250	16.856000	47.664012	307.379853
124672	2567120	97.265625	15.907631	43.073564	298.342632
124928	2571706	99.218750	17.267717	47.356725	309.550173
125184	2576215	99.609375	17.290196	48.374902	309.917289
125440	2580743	98.437500	16.380952	44.984899	311.730765
125696	2585562	98.046875	17.207171	48.083373	311.406933
125952	2590603	97.265625	17.433735	45.151542	312.444397
126208	2595277	99.609375	17.937255	49.598792	311.383478
126464	2600014	98.437500	17.210317	46.032688	310.275196
126720	2604230	98.437500	15.142857	46.204236	312.105923
126976	2608645	99.609375	16.921569	47.189389	311.258948
127232	2612907	99.609375	16.321569	47.909071	311.302024
127488	2617592	97.656250	16.340000	46.680743	312.025156
127744	2621871	99.218750	16.059055	46.175457	309.577560
128000	2625999	99.218750	15.464567	48.073170	310.795485
128256	2630465	98.828125	16.466403	46.415443	309.934819
128512	2634712	99.218750	15.933071	46.636955	308.979101
128768	2638705	99.609375	15.266667	45.644208	307.029003
129024	2642885	99.218750	15.669291	50.230005	311.683623
129280	2646741	99.609375	14.729412	49.067536	309.428973
129536	2650413	100.000000	14.343750	46.829813	310.616332
129792	2654402	100.000000	15.582031	48.275458	305.653641
130048	2658438	99.609375	15.435294	47.761236	309.141256
130304	2662247	99.609375	14.545098	47.044082	310.378484
130560	2666234	100.000000	15.574219	47.960001	309.770418
130816	2670210	99.609375	15.200000	49.354216	310.058881
131072	2674015	100.000000	14.863281	47.826599	297.868433
131328	2677816	100.000000	14.847656	47.268879	287.194375
131584	2682226	99.218750	16.574803	47.976202	302.624958
131840	2686001	100.000000	14.746094	46.027529	303.271147
132096	2689991	100.000000	15.585938	47.925517	303.397103
132352	2693940	100.000000	15.425781	47.887135	303.468295
132608	2697899	98.828125	14.462451	46.503393	304.180491
132864	2701561	100.000000	14.304688	49.226536	303.768730
133120	2705362	99.609375	14.513725	50.543988	304.216422
133376	2709227	99.218750	14.429134	48.884932	300.743989
133632	2713404	98.828125	15.324111	48.978028	304.806939
133888	2717104	99.609375	14.117647	50.128484	302.413562
134144	2720735	99.609375	13.847059	50.584630	302.881372
134400	2724721	98.828125	14.569170	49.291867	303.447080
134656	2728216	100.000000	13.652344	48.416348	302.463779
134912	2731856	100.000000	14.218750	49.046128	302.697014
135168	2735700	98.828125	14.007905	47.274490	303.991019
135424	2739516	98.828125	13.897233	47.054635	302.499974
135680	2742953	100.000000	13.425781	49.093650	310.043277
135936	2746800	99.218750	14.358268	48.802405	311.053750
136192	2750680	100.000000	15.156250	49.727956	312.654315
136448	2754151	99.609375	13.219608	47.852058	313.405087
136704	2757718	100.000000	13.933594	50.888464	313.037579
136960	2761268	100.000000	13.867188	51.034266	313.288220
137216	2764970	99.218750	13.787402	50.915520	312.898465
137472	2768215	100.000000	12.675781	47.054444	313.463014
137728	2771764	98.828125	12.841897	51.381488	314.229440
137984	2775176	99.218750	12.645669	50.996845	315.159140
138240	2778583	100.000000	13.308594	47.357074	314.315967
138496	2782166	100.000000	13.996094	51.627492	313.432263
138752	2785684	99.609375	13.403922	48.799457	313.942121
139008	2789147	100.000000	13.527344	46.973265	311.689274
139264	2792569	99.609375	13.027451	50.053398	315.264919
139520	2795880	99.218750	12.248031	51.649916	313.549333
139776	2799742	98.046875	13.394422	49.297916	315.369336
140032	2803268	99.218750	13.094488	48.975541	313.389716
140288	2806796	99.609375	13.443137	54.350382	314.554998
140544	2810531	99.218750	13.917323	55.486192	315.576815
140800	2813837	100.000000	12.914063	49.726602	314.060311
141056	2817293	99.609375	13.160784	52.523904	312.395246
141312	2820912	99.218750	13.460630	51.496599	312.715072
141568	2824393	98.828125	12.573123	54.888201	310.473980
141824	2828037	99.218750	13.559055	51.999566	313.716995
142080	2831663	100.000000	14.164063	53.696813	314.317042
142336	2835271	99.218750	13.417323	53.173086	315.478988
142592	2838472	100.000000	12.503906	51.751177	309.981766
142848	2841679	99.609375	12.184314	51.529604	308.820609
143104	2844946	99.609375	12.419608	50.270185	314.602191
143360	2848120	99.609375	12.054902	53.676576	315.285270
143616	2851692	99.609375	13.615686	52.212642	315.212670
143872	2855071	99.609375	12.858824	55.677311	315.119561
144128	2858274	99.609375	12.168627	53.045539	314.697566
144384	2861359	100.000000	12.050781	53.593094	311.581418
144640	2864605	100.000000	12.679688	54.295035	299.964181
144896	2867676	100.000000	11.996094	51.611207	305.915689
145152	2870813	100.000000	12.253906	54.207785	315.681808
145408	2873952	99.609375	11.917647	50.797064	315.881755
145664	2877280	99.609375	12.658824	53.523380	315.436152
145920	2880317	99.609375	11.517647	55.612998	315.225981
146176	2883408	99.609375	11.729412	53.775270	314.113494
146432	2886484	100.000000	12.015625	55.495508	314.625278
146688	2889641	99.218750	11.641732	50.939875	316.052863
146944	2892734	100.000000	12.082031	54.518365	314.647391
147200	2895939	100.000000	12.519531	54.875608	315.693748
147456	2899035	99.609375	11.749020	54.137549	315.373408
147712	2901946	100.000000	11.371094	57.810447	314.090215
147968	2905062	99.609375	11.827451	54.385206	315.255382
148224	2908395	100.000000	13.019531	55.242620	316.554546
148480	2911634	99.218750	11.964567	55.371432	315.242441
148736	2914848	99.609375	12.211765	55.885443	315.628844
148992	2918051	99.609375	12.168627	52.053519	316.138482
149248	2921155	99.609375	11.780392	51.298921	314.683474
149504	2924497	99.218750	12.370079	54.707451	315.359816
149760	2927691	99.609375	12.133333	53.156350	311.050764
150016	2931221	98.828125	12.766798	56.086080	303.847094
150272	2934247	99.609375	11.474510	55.270667	308.829250
150528	2937102	100.000000	11.152344	54.202294	312.779696
150784	2940307	99.609375	12.176471	53.851691	309.945962
151040	2943452	99.609375	11.941176	55.882199	311.681609
151296	2946650	99.609375	12.149020	56.613726	311.170529
151552	2949797	100.000000	12.292969	55.770485	310.672200
151808	2952861	99.609375	11.623529	57.545510	304.992216
152064	2955573	100.000000	10.593750	53.577895	288.488447
152320	2958665	100.000000	12.078125	59.138462	288.500245
152576	2961571	100.000000	11.351563	55.249818	300.839263
152832	2964322	100.000000	10.746094	57.381539	302.136584
153088	2967352	99.609375	11.490196	57.753845	303.507159
153344	2970186	99.609375	10.721569	54.248897	305.494440
153600	2973176	100.000000	11.679688	56.241289	305.520471
153856	2975960	99.609375	10.525490	55.612205	305.348699
154112	2979072	99.609375	11.811765	58.485267	307.569028
154368	2982073	99.218750	11.027559	58.353963	307.091380
154624	2984926	100.000000	11.144531	58.609077	304.285656
154880	2987794	99.609375	10.854902	61.195219	304.546322
155136	2990602	100.000000	10.968750	60.385031	306.767464
155392	2993471	100.000000	11.207031	55.775206	307.510159
155648	2996444	99.609375	11.266667	56.642899	307.973427
155904	2999215	99.609375	10.474510	58.933977	304.295372
156160	3002118	100.000000	11.339844	58.519281	296.480127
156416	3004724	100.000000	10.179688	59.434654	292.918923
156672	3007703	99.609375	11.290196	59.928454	304.651186
156928	3010399	100.000000	10.531250	57.686678	309.286601
157184	3013352	100.000000	11.535156	58.182058	312.510063
157440	3016256	100.000000	11.343750	57.762189	314.737374
157696	3019210	99.609375	11.192157	58.293767	313.504718
157952	3022177	99.609375	11.243137	59.671915	313.857516
158208	3025102	99.609375	11.078431	64.269496	308.877544
158464	3027869	100.000000	10.808594	59.243506	312.008311
158720	3030771	99.609375	10.988235	60.946403	308.876903
158976	3033570	100.000000	10.933594	56.057386	309.835751
159232	3036399	100.000000	11.050781	57.566904	312.896087
159488	3039448	99.218750	11.216535	59.458964	311.856940
159744	3042377	99.609375	11.094118	61.928795	313.548490
160000	3045241	99.609375	10.839216	60.911600	313.717866
160256	3048048	99.609375	10.615686	57.751028	313.721878
160512	3050933	99.609375	10.921569	58.855454	313.981657
160768	3053620	99.609375	10.145098	59.174141	313.479599
161024	3056326	99.609375	10.219608	61.096327	306.362927
161280	3059316	99.218750	10.984252	60.361051	315.010615
161536	3062250	100.000000	11.460938	66.051249	312.417264
161792	3064981	99.218750	9.964567	65.426317	314.533109
162048	3067755	99.609375	10.486275	63.350470	303.766102
162304	3070564	99.609375	10.623529	63.655318	302.482795
162560	3073544	99.218750	10.944882	60.237533	312.916713
162816	3076179	99.609375	9.941176	61.234036	312.619663
163072	3078891	99.609375	10.243137	60.748127	313.305232
163328	3081991	98.437500	10.714286	61.730594	313.994971
163584	3084690	100.000000	10.542969	61.892852	312.942610
163840	3087540	99.609375	10.784314	61.151176	313.822264
164096	3090112	100.000000	10.046875	62.745264	312.858222
164352	3092763	99.218750	9.649606	58.240677	313.087631
164608	3095655	100.000000	11.296875	60.005786	313.373875
164864	3098335	100.000000	10.468750	62.058668	312.729696
165120	3101036	99.609375	10.200000	63.666072	309.817434
165376	3103540	100.000000	9.781250	62.687741	307.079891
165632	3106197	99.609375	10.027451	60.611235	308.967796
165888	3108781	100.000000	10.093750	63.375041	308.249770
166144	3111656	99.609375	10.882353	64.602857	308.461441
166400	3114249	100.000000	10.128906	65.018458	309.244154
166656	3116758	100.000000	9.800781	61.416707	308.240437
166912	3119505	99.609375	10.380392	60.037108	305.735735
167168	3121976	100.000000	9.652344	61.596215	302.133535
167424	3124714	99.609375	10.345098	62.821409	305.862314
167680	3127177	100.000000	9.621094	61.704486	295.994370
167936	3129887	99.609375	10.235294	61.239843	285.027335
168192	3132434	99.609375	9.596078	66.332339	294.643715
168448	3134820	100.000000	9.320313	64.439517	295.041340
168704	3137442	99.609375	9.890196	63.208025	294.632482
168960	3139923	100.000000	9.691406	66.475278	303.663027
169216	3142414	99.609375	9.376471	61.650305	297.320702
169472	3144985	99.609375	9.690196	64.563097	298.850283
169728	3147379	100.000000	9.351563	62.063537	303.403066
169984	3149841	100.000000	9.617188	66.454985	303.677790
170240	3152326	100.000000	9.707031	65.511790	303.855766
170496	3154770	99.609375	9.192157	64.608410	304.916446
170752	3157338	99.609375	9.678431	65.048896	303.659235
171008	3159873	100.000000	9.902344	64.627530	303.915450
171264	3162394	99.609375	9.494118	63.436574	305.138458
171520	3164950	99.218750	9.275591	63.284687	305.096623
171776	3167565	100.000000	10.214844	67.812340	301.072428
172032	3169987	99.609375	9.105882	58.031352	309.392206
172288	3172378	100.000000	9.339844	64.681171	309.479657
172544	3174956	99.609375	9.717647	65.012140	309.296125
172800	3177242	100.000000	8.929688	64.592749	306.678855
173056	3179760	99.609375	9.482353	65.324543	305.262167
173312	3182325	100.000000	10.019531	66.736640	308.860721
173568	3184788	99.609375	9.266667	63.533196	309.165154
173824	3187236	100.000000	9.562500	60.749195	308.911546
174080	3189682	100.000000	9.554688	67.508080	308.406722
174336	3192249	99.609375	9.674510	65.977817	305.770238
174592	3194832	99.609375	9.737255	65.972798	299.035662
174848	3197170	100.000000	9.132813	70.518867	293.993240
175104	3199619	100.000000	9.566406	68.095474	293.199592
175360	3202244	100.000000	10.253906	65.475292	302.308881
175616	3204771	99.609375	9.517647	65.380659	304.043722
175872	3207291	99.609375	9.490196	65.038982	303.976029
176128	3209790	100.000000	9.761719	67.268597	301.889271
176384	3212605	99.609375	10.647059	66.267179	304.848308
176640	3215234	99.609375	9.917647	66.010067	302.631475
176896	3217732	100.000000	9.757813	63.908187	303.290835
177152	3220331	99.609375	9.800000	65.009680	303.564425
177408	3222948	100.000000	10.222656	68.384118	291.659603
177664	3225483	100.000000	9.902344	64.528165	301.339630
177920	3228146	99.609375	10.050980	65.283790	305.551066
178176	3230712	100.000000	10.023438	69.177981	304.707151
178432	3233266	99.609375	9.623529	66.690218	304.969358
178688	3235652	100.000000	9.320313	64.617891	302.682814
178944	3238083	100.000000	9.496094	63.237332	297.607714
179200	3240877	99.609375	10.564706	65.449592	308.887607
179456	3243562	100.000000	10.488281	68.573001	307.045849
179712	3246064	99.609375	9.419608	63.674407	310.089623
179968	3248822	100.000000	10.773438	68.896474	311.634218
180224	3251469	100.000000	10.339844	65.378145	309.069219
180480	3253992	100.000000	9.855469	71.630987	294.717787
180736	3256310	100.000000	9.054688	65.400682	299.302974
180992	3258735	99.609375	9.117647	68.557073	300.479084
181248	3261326	98.828125	9.055336	67.380482	307.420349
181504	3263761	100.000000	9.511719	67.776261	310.796291
181760	3266237	99.609375	9.317647	71.614990	304.436280
182016	3268425	100.000000	8.546875	69.367272	285.340285
182272	3270809	99.609375	8.956863	72.424796	286.019537
182528	3273256	100.000000	9.558594	68.537226	304.671003
182784	3275513	100.000000	8.816406	67.946980	297.794812
183040	3277686	100.000000	8.488281	68.305514	294.126607
183296	3279804	100.000000	8.273438	63.771782	299.535470
183552	3282249	99.609375	9.196078	71.193201	309.856430
183808	3284422	100.000000	8.488281	67.762443	307.764072
184064	3286760	99.218750	8.417323	73.127797	301.931689
184320	3289366	99.609375	9.827451	74.572899	303.051684
184576	3291588	99.609375	8.321569	70.532227	312.450764
184832	3293838	100.000000	8.789063	67.229148	311.964937
185088	3296001	100.000000	8.449219	68.202856	312.093748
185344	3298312	100.000000	9.027344	76.110272	313.152997
185600	3300628	100.000000	9.046875	70.263843	306.817751
185856	3302724	100.000000	8.187500	66.793074	311.661775
186112	3305036	100.000000	9.031250	69.142093	311.858452
186368	3307252	100.000000	8.656250	67.854760	309.616833
186624	3309532	100.000000	8.906250	71.422764	313.213272
186880	3311798	100.000000	8.851563	69.160775	313.698064
187136	3313876	100.000000	8.117188	70.745430	311.627558
187392	3316053	100.000000	8.503906	70.899501	308.667530
187648	3318180	100.000000	8.308594	67.604161	311.565904
187904	3320496	99.609375	8.690196	72.109273	313.621934
188160	3322514	100.000000	7.882813	71.297708	311.993057
188416	3324705	100.000000	8.558594	70.016075	304.846044
188672	3326888	100.000000	8.527344	71.546192	297.923876
188928	3329006	100.000000	8.273438	74.120092	298.546108
189184	3330948	100.000000	7.585938	65.771295	307.636577
189440	3333155	100.000000	8.621094	71.945717	313.217882
189696	3335238	100.000000	8.136719	73.504066	310.958903
189952	3337291	100.000000	8.019531	71.013677	312.989016
190208	3339355	100.000000	8.062500	71.493749	311.031332
190464	3341384	99.609375	7.564706	67.409722	312.554627
190720	3343530	100.000000	8.382813	70.566347	308.807111
190976	3345551	100.000000	7.894531	70.919143	311.492064
191232	3347644	100.000000	8.175781	72.150929	310.382543
191488	3349626	100.000000	7.742188	70.545139	311.258224
191744	3351754	100.000000	8.312500	72.496074	312.574041
192000	3353910	100.000000	8.421875	72.505207	312.873607
192256	3356037	100.000000	8.308594	70.339454	310.483392
192512	3358180	100.000000	8.371094	72.490993	313.412023
192768	3360177	100.000000	7.800781	69.387167	311.903618
193024	3362218	100.000000	7.972656	68.516505	312.018451
193280	3364189	100.000000	7.699219	71.928996	304.992983
193536	3366280	100.000000	8.167969	70.762157	312.226206
193792	3368287	100.000000	7.839844	71.857033	312.725152
194048	3370289	100.000000	7.820313	72.772619	307.641916
194304	3372322	100.000000	7.941406	74.029949	297.979738
194560	3374320	100.000000	7.804688	77.508578	295.712490
194816	3376369	100.000000	8.003906	72.335833	295.557328
195072	3378425	100.000000	8.031250	72.955288	309.531467
195328	3380564	100.000000	8.355469	72.400181	306.936597
195584	3382550	100.000000	7.757813	73.324194	309.907899
195840	3384565	100.000000	7.871094	73.223784	305.930982
196096	3386670	100.000000	8.222656	71.748956	308.016313
196352	3388748	100.000000	8.117188	70.920634	306.765122
196608	3390747	100.000000	7.808594	73.940014	307.303682
196864	3392712	100.000000	7.675781	75.548028	299.997681
197120	3394661	100.000000	7.613281	71.366727	305.432385
197376	3396682	100.000000	7.894531	69.170213	306.960175
197632	3398690	100.000000	7.843750	73.530623	306.987258
197888	3400664	100.000000	7.710938	70.759146	304.356588
198144	3402646	100.000000	7.742188	70.239135	307.526300
198400	3404527	100.000000	7.347656	70.530787	303.892614
198656	3406514	100.000000	7.761719	70.745932	303.747295
198912	3408510	100.000000	7.796875	74.594077	310.915294
199168	3410517	99.609375	7.478431	71.234375	308.678907
199424	3412447	100.000000	7.539063	73.474310	308.182572
199680	3414339	100.000000	7.390625	71.378589	310.275528
199936	3416290	100.000000	7.621094	73.213423	311.144188
200192	3418265	100.000000	7.714844	75.657578	310.797311
200448	3420424	99.609375	8.074510	72.663793	311.751744
200704	3422359	100.000000	7.558594	77.411579	309.670493
200960	3424359	100.000000	7.812500	76.224224	309.157738
201216	3426348	100.000000	7.769531	72.498337	310.098414
201472	3428401	100.000000	8.019531	72.317485	308.397465
201728	3430349	100.000000	7.609375	71.496903	296.066436
201984	3432238	100.000000	7.378906	68.335719	300.058891
202240	3434172	100.000000	7.554688	73.664701	301.670978
202496	3436142	100.000000	7.695313	75.476479	303.215068
202752	3438063	100.000000	7.503906	75.860015	301.949564
203008	3440030	100.000000	7.683594	71.035038	304.376946
203264	3442038	100.000000	7.843750	74.208092	300.838023
203520	3444014	100.000000	7.718750	71.548894	304.116316
203776	3445985	100.000000	7.699219	73.141710	301.632391
204032	3447877	100.000000	7.390625	70.710325	303.142227
204288	3449834	100.000000	7.644531	72.685794	302.539959
204544	3451843	100.000000	7.847656	71.831264	302.738832
204800	3453747	100.000000	7.437500	69.714167	301.230968
205056	3455706	100.000000	7.652344	72.497098	303.278244
205312	3457586	100.000000	7.343750	69.737290	302.763507
205568	3459520	100.000000	7.554688	72.249515	301.842597
205824	3461423	100.000000	7.433594	73.740553	301.850895
206080	3463315	100.000000	7.390625	71.546836	302.450926
206336	3465310	100.000000	7.792969	76.204435	296.103085
206592	3467358	100.000000	8.000000	77.006825	307.305942
206848	3469367	100.000000	7.847656	74.310421	307.165378
207104	3471335	100.000000	7.687500	72.068740	306.356280
207360	3473238	100.000000	7.433594	71.784814	309.238405
207616	3475194	100.000000	7.640625	74.042326	306.140391
207872	3477262	100.000000	8.078125	75.651959	309.243016
208128	3479187	100.000000	7.519531	74.317333	305.469893
208384	3481092	100.000000	7.441406	72.915468	308.518730
208640	3483056	100.000000	7.671875	73.828375	305.208884
208896	3485000	100.000000	7.593750	72.788182	308.817549
209152	3486967	100.000000	7.683594	75.388531	308.208763
209408	3488839	100.000000	7.312500	71.415935	307.233622
209664	3490785	100.000000	7.601563	71.424649	307.282946
209920	3492665	100.000000	7.343750	72.724128	306.872076
210176	3494600	100.000000	7.558594	73.532170	302.396011
210432	3496502	100.000000	7.429688	74.589794	309.319076
210688	3498513	100.000000	7.855469	75.586211	308.209594
210944	3500423	100.000000	7.460938	72.517829	299.209019
211200	3502235	100.000000	7.078125	68.201769	294.666341
211456	3504185	100.000000	7.617188	72.031339	295.383188
211712	3506080	100.000000	7.402344	70.451618	304.052325
211968	3508020	100.000000	7.578125	73.831429	309.789830
212224	3510014	100.000000	7.789063	74.256652	309.311588
212480	3511919	100.000000	7.441406	76.172817	309.083685
212736	3513840	100.000000	7.503906	72.226949	310.185742
212992	3515807	100.000000	7.683594	75.229443	307.919364
213248	3517777	100.000000	7.695313	76.208113	310.168060
213504	3519747	100.000000	7.695313	74.324384	309.260609
213760	3521670	100.000000	7.511719	72.657803	308.621951
214016	3523575	100.000000	7.441406	75.526509	304.125493
214272	3525477	100.000000	7.429688	73.153640	294.214852
214528	3527421	100.000000	7.593750	77.184396	298.087380
214784	3529331	100.000000	7.460938	73.307755	298.232211
215040	3531255	100.000000	7.515625	70.841522	299.028125
215296	3533187	100.000000	7.546875	75.186632	300.055766
215552	3535084	100.000000	7.410156	74.796299	300.711532
215808	3536959	100.000000	7.324219	72.278959	307.233684
216064	3538846	100.000000	7.371094	74.018085	297.678963
216320	3540773	100.000000	7.527344	73.094273	307.431208
216576	3542610	100.000000	7.175781	71.376602	308.669243
216832	3544488	100.000000	7.335938	67.406516	308.416362
217088	3546462	100.000000	7.710938	72.992193	307.249449
217344	3548430	100.000000	7.687500	72.347735	307.170081
217600	3550427	100.000000	7.800781	75.144714	306.053078
217856	3552558	100.000000	8.324219	76.280508	306.383543
218112	3554502	100.000000	7.593750	73.408430	308.832739
218368	3556646	99.218750	7.653543	67.566113	306.508285
218624	3558670	100.000000	7.906250	72.656236	303.968121
218880	3560571	100.000000	7.425781	71.994622	305.646138
219136	3562573	100.000000	7.820313	71.380461	307.927048
219392	3564552	100.000000	7.730469	74.130533	303.388902
219648	3566663	100.000000	8.246094	74.094695	306.090363
219904	3568647	100.000000	7.750000	74.093124	306.837675
220160	3570633	100.000000	7.757813	73.835151	306.498254
220416	3572597	100.000000	7.671875	72.736017	305.273795
220672	3574608	100.000000	7.855469	75.962317	297.041799
220928	3576576	100.000000	7.687500	74.469051	295.552371
221184	3578549	100.000000	7.707031	75.827813	296.001226
221440	3580574	99.609375	7.549020	72.185942	308.144888
221696	3582566	100.000000	7.781250	74.185709	309.562160
221952	3584492	100.000000	7.523438	73.107180	310.064952
222208	3586467	100.000000	7.714844	74.830520	308.411341
222464	3588398	100.000000	7.542969	73.325474	307.658556
222720	3590369	100.000000	7.699219	72.103268	310.661476
222976	3592343	100.000000	7.710938	73.736885	305.990497
223232	3594300	100.000000	7.644531	73.023796	306.579922
223488	3596331	99.609375	7.572549	75.871556	308.806619
223744	3598368	99.609375	7.596078	72.698012	310.579752
224000	3600219	100.000000	7.230469	70.206302	309.605951
224256	3602281	100.000000	8.054688	75.379778	309.873823
224512	3604176	100.000000	7.402344	72.755372	309.059980
224768	3606152	100.000000	7.718750	74.741206	309.077161
225024	3608196	99.609375	7.623529	74.391792	298.976088
225280	3610163	100.000000	7.683594	72.794496	288.406173
225536	3612165	100.000000	7.820313	72.712351	288.742736
225792	3614285	99.609375	7.921569	71.827983	295.226598
226048	3616276	100.000000	7.777344	76.548087	296.270640
226304	3618297	100.000000	7.894531	72.722540	302.279509
226560	3620442	99.609375	8.019608	72.957224	303.344518
226816	3622469	100.000000	7.917969	73.770237	303.871004
227072	3624503	100.000000	7.945313	75.400403	303.140283
227328	3626474	100.000000	7.699219	71.059875	300.892873
227584	3628401	100.000000	7.527344	73.711647	303.099053
227840	3630477	99.609375	7.749020	71.571128	302.397656
228096	3632479	100.000000	7.820313	70.847536	302.350046
228352	3634425	100.000000	7.601563	76.426910	294.779369
228608	3636379	100.000000	7.632813	72.730814	302.124635
228864	3638446	100.000000	8.074219	72.803717	297.974194
229120	3640305	100.000000	7.261719	71.934053	297.920989
229376	3642205	100.000000	7.421875	75.035899	301.883960
229632	3644133	100.000000	7.531250	73.622693	302.313831
229888	3646109	100.000000	7.718750	73.483307	302.308401
230144	3648167	99.609375	7.678431	75.048391	301.204046
230400	3650110	100.000000	7.589844	74.305509	301.441280
230656	3652146	100.000000	7.953125	73.049697	301.921434
230912	3654078	100.000000	7.546875	73.051840	303.029279
231168	3655972	100.000000	7.398438	73.458914	301.295202
231424	3657918	100.000000	7.601563	75.191203	303.082496
231680	3659890	100.000000	7.703125	78.810282	301.572662
231936	3661815	100.000000	7.519531	74.316771	302.020003
232192	3663797	100.000000	7.742188	77.000447	302.197705
232448	3665724	100.000000	7.527344	73.809665	290.684870
232704	3667708	100.000000	7.750000	74.943388	291.946263
232960	3669636	100.000000	7.531250	70.626276	292.813572
233216	3671596	100.000000	7.656250	73.303955	301.527942
233472	3673466	100.000000	7.304688	74.443929	303.071295
233728	3675315	100.000000	7.222656	70.848873	301.173334
233984	3677245	100.000000	7.539063	72.878376	302.844986
234240	3679168	100.000000	7.511719	73.407224	301.489895
234496	3681099	100.000000	7.542969	76.958172	303.031440
234752	3682925	100.000000	7.132813	74.815042	301.972370
235008	3684819	100.000000	7.398438	72.454608	302.822302
235264	3686683	100.000000	7.281250	73.003920	300.384105
235520	3688658	100.000000	7.714844	73.509554	302.719908
235776	3690620	100.000000	7.664063	73.914687	302.488116
236032	3692578	100.000000	7.648438	79.718338	302.056415
236288	3694508	100.000000	7.539063	71.401728	300.864381
236544	3696437	100.000000	7.535156	72.020121	301.670555
236800	3698369	100.000000	7.546875	76.145698	300.855590
237056	3700258	100.000000	7.378906	73.214699	302.970645
237312	3702167	100.000000	7.457031	74.731374	301.631471
237568	3704049	100.000000	7.351563	74.314207	302.322016
237824	3705990	100.000000	7.582031	71.298549	302.166756
238080	3707883	100.000000	7.394531	71.958346	295.846304
238336	3709788	100.000000	7.441406	72.382295	302.058918
238592	3711758	100.000000	7.695313	75.698556	302.631993
238848	3713651	100.000000	7.394531	77.637355	296.326051
239104	3715536	100.000000	7.363281	72.311780	302.121832
239360	3717441	100.000000	7.441406	73.764670	301.384279
239616	3719372	100.000000	7.542969	73.617208	301.672434
239872	3721392	100.000000	7.890625	72.698906	302.767875
240128	3723313	100.000000	7.503906	75.176841	301.712813
240384	3725334	100.000000	7.894531	75.473218	302.290299
240640	3727340	100.000000	7.835938	74.400973	302.028032
240896	3729362	100.000000	7.898438	76.699791	302.920716
241152	3731396	100.000000	7.945313	73.070004	301.279276
241408	3733408	100.000000	7.859375	71.250973	298.370772
241664	3735409	100.000000	7.816406	70.056281	299.876515
241920	3737530	99.609375	7.925490	71.493931	299.904161
242176	3739571	100.000000	7.972656	72.372391	296.816250
242432	3741618	100.000000	7.996094	73.839845	295.231851
242688	3743591	100.000000	7.707031	73.437413	298.247964
242944	3745674	99.609375	7.776471	71.875287	296.598530
243200	3747659	100.000000	7.753906	73.733299	297.856070
243456	3749632	100.000000	7.707031	74.221725	298.275952
243712	3751641	100.000000	7.847656	74.510657	298.948123
243968	3753633	100.000000	7.781250	71.002963	291.555310
244224	3755616	100.000000	7.746094	75.758373	296.041895
244480	3757723	99.609375	7.870588	74.763774	298.681261
244736	3759740	100.000000	7.878906	72.673326	297.659901
244992	3761744	100.000000	7.828125	74.132741	299.661526
245248	3763979	99.609375	8.372549	77.247118	297.438899
245504	3765953	100.000000	7.710938	68.536298	299.052384
245760	3767967	100.000000	7.867188	70.843438	299.602981
246016	3770221	99.218750	8.086614	74.744252	301.823605
246272	3772312	100.000000	8.167969	75.106059	297.493242
246528	3774479	99.609375	8.105882	74.409456	294.389941
246784	3776645	99.609375	8.101961	70.877461	298.857326
247040	3778751	100.000000	8.226563	75.584333	300.026956
247296	3780858	100.000000	8.230469	70.984673	298.611327
247552	3782947	100.000000	8.160156	74.276915	298.849501
247808	3784896	100.000000	7.613281	72.302526	298.942051
248064	3786895	100.000000	7.808594	71.027380	298.777839
248320	3788842	100.000000	7.605469	73.725606	304.613923
248576	3790901	100.000000	8.042969	72.879785	306.347411
248832	3792859	100.000000	7.648438	74.893646	309.220473
249088	3794866	99.609375	7.478431	74.152632	310.671336
249344	3796826	100.000000	7.656250	72.768596	311.182652
249600	3798810	100.000000	7.750000	71.405753	311.246087
249856	3800872	100.000000	8.054688	78.115019	311.198473
250112	3802872	100.000000	7.812500	73.135817	312.942498
250368	3804797	100.000000	7.519531	73.610832	309.829999
250624	3806873	100.000000	8.109375	73.896553	310.863605
250880	3808773	100.000000	7.421875	73.887466	309.810026
251136	3810712	100.000000	7.574219	75.485180	304.328336
251392	3812618	100.000000	7.445313	71.771542	310.862979
251648	3814608	100.000000	7.773438	74.165881	309.697165
251904	3816571	100.000000	7.667969	73.823929	307.852609
252160	3818489	100.000000	7.492188	72.674997	307.756678
252416	3820378	100.000000	7.378906	73.120539	299.772186
252672	3822252	100.000000	7.320313	74.871890	297.123728
252928	3824154	100.000000	7.429688	73.681311	305.928146
253184	3826103	100.000000	7.613281	74.428845	310.028056
253440	3828025	100.000000	7.507813	71.532660	310.518144
253696	3829897	100.000000	7.312500	71.904235	309.868381
253952	3832074	99.218750	7.783465	76.298583	309.187218
254208	3834010	100.000000	7.562500	75.912574	312.033159
254464	3835935	100.000000	7.519531	74.797717	310.828492
254720	3837826	100.000000	7.386719	77.710399	310.531169
254976	3839710	100.000000	7.359375	71.027934	311.431976
255232	3841605	100.000000	7.402344	74.185291	312.627522
255488	3843561	100.000000	7.640625	75.226351	310.588055
255744	3845487	100.000000	7.523438	71.607599	311.355101
256000	3847421	100.000000	7.554688	71.861068	308.553511
256256	3849305	100.000000	7.359375	74.007831	309.513480
256512	3851244	100.000000	7.574219	76.772186	308.384934
256768	3853188	100.000000	7.593750	76.303523	311.669049
257024	3855094	100.000000	7.445313	73.473688	309.816128
257280	3857054	100.000000	7.656250	74.435728	310.074630
257536	3858971	100.000000	7.488281	76.812498	309.193012
257792	3860871	100.000000	7.421875	74.380848	311.124951
258048	3862844	100.000000	7.707031	76.457803	310.266912
258304	3864784	100.000000	7.578125	75.254985	305.651566
258560	3866633	100.000000	7.222656	73.286676	302.155984
258816	3868586	100.000000	7.628906	78.326281	297.546906
259072	3870483	100.000000	7.410156	74.010136	297.279831
259328	3872289	100.000000	7.054688	69.662160	300.223074
259584	3874223	100.000000	7.554688	75.068535	311.359495
259840	3876126	100.000000	7.433594	77.460595	310.242310
260096	3878018	100.000000	7.390625	77.012408	302.810506
260352	3879929	100.000000	7.464844	74.215294	274.650210
260608	3881822	100.000000	7.394531	77.045085	295.547734
260864	3883757	100.000000	7.558594	73.765539	286.172029
261120	3885722	100.000000	7.675781	77.725195	279.659697
261376	3887680	100.000000	7.648438	73.983399	291.931880
261632	3889618	100.000000	7.570313	71.359416	291.049213
261888	3891597	100.000000	7.730469	75.450090	286.198351
262144	3893635	100.000000	7.960938	75.492412	287.529352
262400	3895720	99.609375	7.784314	72.141430	285.824030
262656	3897798	100.000000	8.117188	74.979105	293.704778
262912	3899840	100.000000	7.976563	74.526560	297.471198
263168	3901988	99.609375	8.031373	70.975941	297.283562
263424	3904082	100.000000	8.179688	74.899560	290.885757
263680	3906292	99.609375	8.274510	75.207763	294.764270
263936	3908332	100.000000	7.968750	73.758534	275.480604
264192	3910548	100.000000	8.656250	71.972090	303.728853
264448	3912793	100.000000	8.769531	72.230370	307.011794
264704	3915294	99.609375	9.415686	74.815200	305.934262
264960	3917691	100.000000	9.363281	76.572329	306.958719
265216	3920007	100.000000	9.046875	74.804046	306.641864
265472	3922363	100.000000	9.203125	76.246171	304.848156
265728	3924714	99.609375	8.827451	73.208129	300.143587
265984	3927088	100.000000	9.273438	75.064775	302.238858
266240	3929480	100.000000	9.343750	75.501058	288.004828
266496	3931721	100.000000	8.753906	72.431495	303.485525
266752	3934176	99.609375	9.235294	73.981961	308.666658
267008	3936587	100.000000	9.417969	71.253755	296.228226
267264	3938807	100.000000	8.671875	74.478226	304.749625
267520	3941123	99.609375	8.690196	72.811257	299.781667
267776	3943459	100.000000	9.125000	73.399225	302.997647
268032	3945628	100.000000	8.472656	76.389637	299.273064
268288	3947717	100.000000	8.160156	73.524523	301.094677
268544	3949894	100.000000	8.503906	73.664892	305.612103
268800	3952146	99.609375	8.439216	78.571590	303.032779
269056	3954468	99.218750	8.354331	73.554188	307.432966
269312	3956592	100.000000	8.296875	72.122778	299.648647
269568	3958664	100.000000	8.093750	76.396604	302.118019
269824	3960775	99.609375	7.886275	72.954054	301.434016
270080	3962856	100.000000	8.128906	75.516818	308.150539
270336	3965006	100.000000	8.398438	70.363651	308.725603
270592	3967202	100.000000	8.578125	70.324267	292.869774
270848	3969539	100.000000	9.128906	72.691809	308.667447
271104	3972038	100.000000	9.761719	70.697477	311.402364
271360	3974680	100.000000	10.320313	72.040392	312.226743
271616	3977162	100.000000	9.695313	71.922980	309.467722
271872	3979849	100.000000	10.496094	73.682623	311.301171
272128	3982603	99.218750	10.055118	74.062080	311.204541
272384	3986474	95.703125	11.310204	72.062680	313.270126
272640	3997114	68.750000	15.000000	72.352998	321.961977
272896	4014806	38.281250	19.306122	58.546251	321.496342
273152	4034410	28.906250	18.972973	49.163085	320.488758
273408	4050180	45.312500	15.258621	48.906598	322.979423
273664	4064569	53.125000	17.566176	47.750881	321.691778
273920	4079295	51.953125	18.240602	47.335351	320.724831
274176	4093728	55.468750	21.359155	50.609050	319.689443
274432	4106030	64.062500	18.914634	45.988489	320.004825
274688	4119076	61.718750	20.544304	48.020315	317.740469
274944	4131858	61.328125	18.356688	49.219756	321.565080
275200	4145902	54.687500	17.457143	43.986049	323.013860
275456	4158356	64.062500	19.841463	47.066778	322.313233
275712	4169475	69.531250	18.646067	48.086350	321.205848
275968	4181297	67.578125	20.358382	50.112006	320.656578
276224	4192441	68.750000	17.863636	44.898314	317.129869
276480	4203099	72.656250	19.666667	50.696862	77.706567
276736	4213044	75.000000	18.463542	49.210147	320.840018
