Quizzes	Answered	Precision
256	24147	8.59375
512	46512	16.796875
768	69379	12.890625
1024	90578	22.65625
1280	112484	19.921875
1536	133801	22.65625
1792	154585	24.21875
2048	174909	27.734375
2304	195014	29.6875
2560	214410	33.203125
2816	234436	28.515625
3072	252610	35.15625
3328	270917	35.15625
3584	290121	32.03125
3840	308862	35.9375
4096	325839	45.3125
4352	342753	42.1875
4608	360046	43.359375
4864	377306	42.1875
5120	393384	49.21875
5376	410417	42.96875
5632	427575	44.140625
5888	444528	44.53125
6144	460160	51.5625
6400	474962	54.6875
6656	489459	56.25
6912	506008	48.4375
7168	520427	57.8125
7424	535284	54.296875
7680	549692	55.859375
7936	563342	59.375
8192	576748	60.9375
8448	589889	60.546875
8704	603834	57.8125
8960	616583	61.71875
9216	629937	63.28125
9472	642539	66.796875
9728	656657	58.984375
9984	669853	62.890625
10240	681677	69.140625
10496	693227	69.921875
10752	705782	66.015625
11008	718072	67.96875
11264	730238	67.96875
11520	742038	69.53125
11776	753565	69.921875
12032	765721	68.75
12288	777431	69.921875
12544	789382	67.578125
12800	801580	68.359375
13056	812627	72.265625
13312	822696	74.21875
13568	832418	77.734375
13824	841737	80.46875
14080	851485	78.125
14336	861518	77.734375
14592	871009	79.296875
14848	880727	76.171875
15104	890834	76.171875
15360	899964	78.515625
15616	909554	75.78125
15872	919223	77.734375
16128	928810	76.5625
16384	938690	76.5625
16640	947655	80.078125
16896	956573	79.6875
17152	964936	82.03125
17408	973843	83.203125
17664	982951	79.296875
17920	992066	82.421875
18176	1000692	83.984375
18432	1008506	85.15625
18688	1017311	83.59375
18944	1025707	81.640625
19200	1034415	84.375
19456	1042271	85.546875
19712	1049729	85.9375
19968	1058241	83.203125
20224	1066828	82.8125
20480	1074706	85.15625
20736	1083433	80.078125
20992	1091989	84.375
21248	1099423	86.71875
21504	1106948	85.546875
21760	1114525	86.328125
22016	1122370	84.765625
22272	1130254	85.546875
22528	1137722	85.546875
22784	1144605	87.5
23040	1151603	89.0625
23296	1158813	87.890625
23552	1166202	87.890625
23808	1172945	89.84375
24064	1180981	85.546875
24320	1188098	87.890625
24576	1195325	85.9375
24832	1202595	87.5
25088	1209298	88.28125
25344	1216889	89.0625
25600	1223840	89.0625
25856	1231659	86.71875
26112	1238015	89.0625
26368	1244601	89.84375
26624	1251995	89.0625
26880	1259295	87.5
27136	1265631	89.0625
27392	1272011	89.453125
27648	1278672	89.0625
27904	1285443	88.28125
28160	1291233	91.40625
28416	1297567	91.796875
28672	1303123	94.53125
28928	1309585	90.234375
29184	1315982	91.40625
29440	1322729	87.5
29696	1329083	90.234375
29952	1334564	92.578125
30208	1340297	92.1875
30464	1345094	93.75
30720	1350993	91.796875
30976	1357323	89.453125
31232	1363932	89.84375
31488	1369736	91.40625
31744	1375514	92.96875
32000	1381090	95.3125
32256	1386488	93.75
32512	1391512	94.53125
32768	1397234	94.53125
33024	1402695	93.75
33280	1408601	91.796875
33536	1415076	92.578125
33792	1420895	91.40625
34048	1425652	95.703125
34304	1431678	91.015625
34560	1437568	92.578125
34816	1443098	95.3125
35072	1448096	93.75
35328	1453272	92.96875
35584	1458093	95.703125
35840	1462730	94.140625
36096	1468007	92.578125
36352	1473149	93.359375
36608	1478272	94.53125
36864	1483373	94.140625
37120	1488729	92.578125
37376	1493786	95.703125
37632	1498994	92.96875
37888	1504591	92.1875
38144	1510365	90.625
38400	1515891	94.53125
38656	1520813	93.75
38912	1525292	96.484375
39168	1530208	95.3125
39424	1535115	94.921875
39680	1540058	94.921875
39936	1544955	95.3125
40192	1549043	98.046875
40448	1553446	96.09375
40704	1558047	95.3125
40960	1562889	96.09375
41216	1567768	96.484375
41472	1572263	96.09375
41728	1577134	95.703125
41984	1581485	95.703125
42240	1586093	96.09375
42496	1591057	94.140625
42752	1595331	96.09375
43008	1600230	94.140625
43264	1604713	97.265625
43520	1609447	96.484375
43776	1613989	94.921875
44032	1618634	96.875
44288	1622638	97.65625
44544	1627224	96.875
44800	1631412	97.65625
45056	1635527	95.703125
45312	1639998	96.09375
45568	1644741	94.921875
45824	1648897	96.875
46080	1653170	96.484375
46336	1657648	95.3125
46592	1662421	95.703125
46848	1666732	97.65625
47104	1670632	98.4375
47360	1674807	97.65625
47616	1678907	97.65625
47872	1683796	97.265625
48128	1687463	96.875
48384	1691254	97.65625
48640	1695401	96.875
48896	1698880	98.4375
49152	1703027	97.265625
49408	1707060	96.875
49664	1711706	96.09375
49920	1715886	97.65625
50176	1720152	95.703125
50432	1724525	95.3125
50688	1728479	97.265625
50944	1732842	95.703125
51200	1737127	96.484375
51456	1741090	96.484375
51712	1745163	96.484375
51968	1749231	97.65625
52224	1753304	98.4375
52480	1757664	98.046875
52736	1761677	96.875
52992	1765782	96.484375
53248	1770093	97.65625
53504	1773790	98.046875
53760	1778092	97.65625
54016	1782233	98.828125
54272	1786831	98.046875
54528	1790901	96.875
54784	1794839	97.65625
55040	1798705	97.65625
55296	1802479	97.265625
55552	1806700	96.875
55808	1810568	97.265625
56064	1814406	97.65625
56320	1818072	97.265625
56576	1821776	97.65625
56832	1825662	97.265625
57088	1829767	97.65625
57344	1833349	99.21875
57600	1837258	98.046875
57856	1841168	96.875
58112	1845086	97.65625
58368	1849385	95.703125
58624	1853335	97.265625
58880	1857087	98.046875
59136	1860634	98.828125
59392	1864364	97.65625
59648	1867741	98.046875
59904	1871554	96.875
60160	1875427	97.265625
60416	1879370	97.65625
60672	1883194	98.4375
60928	1886306	98.828125
61184	1890074	98.828125
61440	1893564	98.4375
61696	1897208	98.4375
61952	1900715	98.4375
62208	1903732	99.21875
62464	1907737	96.875
62720	1911255	98.046875
62976	1914528	98.828125
63232	1918125	99.21875
63488	1921644	98.046875
63744	1925208	98.4375
64000	1929256	96.875
64256	1932728	98.046875
64512	1936450	98.046875
64768	1939939	98.4375
65024	1943319	98.046875
65280	1946641	99.609375
65536	1950396	98.046875
65792	1954059	98.828125
66048	1957434	97.65625
66304	1960986	97.65625
66560	1964439	99.609375
66816	1967753	98.828125
67072	1971485	98.4375
67328	1974729	98.046875
67584	1977877	100
67840	1981169	98.046875
68096	1984284	98.828125
68352	1987705	99.21875
68608	1990889	98.828125
68864	1994524	98.046875
69120	1997491	98.4375
69376	2001343	98.828125
69632	2004659	97.65625
69888	2008403	96.875
70144	2011244	100
70400	2014157	98.828125
70656	2017369	99.609375
70912	2020529	98.828125
71168	2023772	99.21875
71424	2027127	97.65625
71680	2030390	98.046875
71936	2033496	99.21875
72192	2036514	99.21875
72448	2040219	98.046875
72704	2043358	98.4375
72960	2047369	98.046875
73216	2050764	99.21875
73472	2053973	99.609375
73728	2057158	98.046875
73984	2060024	98.828125
74240	2062919	99.21875
74496	2066221	98.4375
74752	2069638	98.4375
75008	2072518	99.609375
75264	2075984	98.4375
75520	2079256	99.21875
75776	2082698	99.609375
76032	2085898	100
76288	2088999	99.21875
76544	2092222	99.21875
76800	2095070	98.828125
77056	2098068	100
77312	2101511	99.21875
77568	2104079	99.609375
77824	2107073	99.609375
78080	2110112	98.828125
78336	2113163	99.21875
78592	2116590	98.4375
78848	2119639	98.4375
79104	2122432	98.828125
79360	2125890	98.046875
79616	2129142	98.4375
79872	2131954	99.609375
80128	2135271	97.65625
80384	2138222	99.609375
80640	2141459	98.828125
80896	2144240	100
81152	2147531	98.828125
81408	2150386	99.21875
81664	2153536	98.828125
81920	2156633	100
82176	2159469	99.21875
82432	2162548	99.21875
82688	2165692	98.828125
82944	2168687	98.828125
83200	2171581	100
83456	2174126	100
83712	2176975	99.609375
83968	2180121	100
84224	2183433	99.21875
84480	2186256	99.609375
84736	2189178	98.828125
84992	2192454	99.21875
85248	2195352	99.21875
85504	2197949	100
85760	2200899	99.609375
86016	2203816	99.609375
86272	2206558	99.21875
86528	2209319	100
86784	2212051	99.609375
87040	2215022	99.609375
87296	2218377	98.046875
87552	2221342	99.21875
87808	2224103	100
88064	2227201	99.21875
88320	2230504	98.828125
88576	2233377	99.21875
88832	2236206	99.21875
89088	2239483	98.046875
89344	2242556	99.609375
89600	2245276	99.609375
89856	2248190	100
90112	2251424	97.65625
90368	2254314	99.609375
90624	2257102	99.609375
90880	2260002	99.609375
91136	2263099	99.21875
91392	2265894	100
91648	2268880	98.828125
91904	2271725	99.609375
92160	2274863	98.828125
92416	2277915	98.046875
92672	2280368	99.609375
92928	2283037	100
93184	2286266	98.828125
93440	2289268	99.609375
93696	2292242	99.21875
93952	2295032	99.609375
94208	2298110	98.828125
94464	2301020	99.609375
94720	2303694	99.21875
94976	2306403	98.828125
95232	2309441	98.828125
95488	2312532	99.21875
95744	2315379	98.828125
96000	2318027	100
96256	2321159	99.609375
96512	2323838	99.609375
96768	2326424	99.609375
97024	2329089	99.609375
97280	2331897	99.21875
97536	2334596	100
97792	2337129	99.609375
98048	2340133	98.828125
98304	2342699	100
98560	2345493	98.828125
98816	2348091	100
99072	2350908	100
99328	2353946	98.828125
99584	2357021	99.21875
99840	2359675	99.609375
100096	2362583	99.21875
100352	2365426	99.21875
100608	2368295	99.21875
100864	2371357	99.609375
101120	2373683	99.609375
101376	2376228	99.21875
101632	2379061	98.4375
101888	2381611	100
102144	2384435	99.609375
102400	2387507	99.609375
102656	2390339	99.21875
102912	2392920	99.609375
103168	2395683	99.609375
103424	2398496	99.21875
103680	2401229	99.609375
103936	2403813	99.609375
104192	2406302	99.609375
104448	2409198	99.609375
104704	2412094	99.609375
104960	2414433	100
105216	2417136	99.21875
105472	2419972	99.609375
105728	2422905	99.21875
105984	2425526	98.828125
106240	2428131	99.609375
106496	2431054	99.609375
106752	2433637	100
107008	2436440	99.609375
107264	2439288	99.21875
107520	2442139	99.21875
107776	2445060	99.609375
108032	2447628	100
108288	2450402	99.21875
108544	2453065	99.609375
108800	2456093	98.828125
109056	2458914	99.21875
109312	2461287	100
109568	2464017	100
109824	2466409	99.609375
110080	2468853	100
110336	2471400	99.609375
110592	2474004	99.609375
110848	2476905	99.609375
111104	2479293	100
111360	2481919	99.609375
111616	2484423	99.609375
111872	2487215	99.21875
112128	2489840	100
112384	2492552	100
112640	2494999	99.21875
112896	2497511	100
113152	2500538	99.21875
113408	2503056	100
113664	2505532	100
113920	2508068	100
114176	2510734	100
114432	2513445	100
114688	2516282	99.21875
114944	2518944	99.609375
115200	2521506	99.609375
115456	2523922	100
115712	2526426	99.609375
115968	2528940	100
116224	2531529	99.609375
116480	2534148	99.609375
116736	2536755	99.609375
116992	2539159	100
117248	2541960	99.609375
117504	2544614	99.609375
117760	2547298	99.609375
118016	2549755	100
118272	2552070	100
118528	2554523	99.609375
118784	2557258	99.609375
119040	2560055	99.21875
119296	2562714	99.21875
119552	2565174	99.609375
119808	2567713	99.609375
120064	2570201	100
120320	2572526	100
120576	2575294	99.21875
120832	2577713	99.609375
121088	2580487	99.609375
121344	2582992	99.609375
121600	2585242	99.609375
121856	2587864	99.609375
122112	2590219	99.609375
122368	2592845	99.609375
122624	2595555	99.609375
122880	2597926	100
123136	2600560	98.828125
123392	2603301	100
123648	2606063	99.609375
123904	2608739	100
124160	2611286	100
124416	2614106	99.609375
124672	2616778	99.609375
124928	2619327	99.609375
125184	2621946	100
125440	2624823	100
125696	2627159	100
125952	2629501	100
126208	2631906	100
126464	2634288	100
126720	2636690	100
126976	2639153	100
127232	2641572	100
127488	2643901	100
127744	2646186	100
128000	2648672	99.609375
128256	2651030	99.609375
128512	2653408	100
128768	2656056	99.609375
129024	2658198	99.609375
129280	2660545	100
129536	2662892	100
129792	2665375	100
130048	2667724	100
130304	2670161	100
130560	2672710	100
130816	2675172	99.609375
131072	2677723	99.609375
131328	2679993	100
131584	2682553	100
131840	2685435	100
132096	2688122	99.609375
132352	2690375	99.609375
132608	2692926	100
132864	2695293	99.609375
133120	2697655	100
133376	2700033	100
133632	2702551	99.609375
133888	2704878	100
134144	2707367	100
134400	2709711	100
134656	2712050	100
134912	2714280	99.609375
135168	2716502	100
135424	2719030	100
135680	2721278	100
135936	2723816	99.609375
136192	2726345	100
136448	2728585	100
136704	2730687	100
136960	2733123	100
137216	2735664	100
137472	2738345	99.609375
137728	2740709	100
137984	2743065	100
138240	2745250	99.609375
138496	2747771	99.609375
138752	2750397	99.609375
139008	2752879	100
139264	2755720	100
139520	2758344	99.609375
139776	2760815	100
140032	2762915	100
140288	2765284	100
140544	2767608	100
140800	2769885	100
141056	2772193	100
141312	2774641	99.609375
141568	2776936	100
141824	2779272	100
142080	2781771	100
142336	2784407	99.609375
142592	2786843	100
142848	2789117	100
143104	2791530	100
143360	2793945	100
143616	2796226	100
143872	2798475	100
144128	2800779	100
144384	2803123	100
144640	2805518	100
144896	2808070	99.21875
145152	2810523	100
145408	2812798	100
145664	2815216	99.21875
145920	2817672	100
146176	2820082	100
146432	2822554	99.609375
146688	2825145	100
146944	2827665	99.609375
147200	2829961	100
147456	2832413	99.609375
147712	2835059	99.609375
147968	2837358	100
148224	2839705	100
148480	2842059	100
148736	2844614	99.609375
148992	2846905	100
149248	2849290	99.609375
149504	2851699	100
149760	2854010	100
150016	2856454	100
150272	2858737	100
150528	2861127	99.609375
150784	2863349	100
151040	2865493	100
151296	2867738	100
151552	2870021	99.609375
151808	2872383	100
152064	2874803	99.609375
152320	2877210	100
152576	2879627	100
152832	2881855	100
153088	2884036	100
153344	2886356	100
153600	2888606	100
153856	2890925	100
154112	2893333	100
154368	2895567	100
154624	2898131	99.609375
154880	2900555	99.609375
155136	2902862	100
155392	2905212	100
155648	2907643	100
155904	2910065	99.609375
156160	2912438	100
156416	2914816	100
156672	2917032	99.609375
156928	2919335	100
157184	2921710	99.609375
157440	2924154	100
157696	2926398	100
157952	2928597	100
158208	2931278	99.609375
158464	2933419	100
158720	2935652	99.609375
158976	2937865	100
159232	2940166	100
159488	2942339	100
159744	2944452	99.609375
160000	2946613	100
160256	2948847	100
160512	2951140	100
160768	2953333	100
161024	2955525	100
161280	2957737	99.609375
161536	2960142	100
161792	2962633	99.609375
162048	2964799	100
162304	2966993	100
162560	2969235	100
162816	2971688	100
163072	2974178	100
163328	2976344	100
163584	2978559	100
163840	2980826	100
164096	2983061	100
164352	2985409	100
164608	2987578	100
164864	2989751	100
165120	2991944	100
165376	2994164	100
165632	2996851	99.609375
165888	2999207	100
166144	3001698	100
166400	3003925	100
166656	3006298	99.609375
166912	3008611	100
167168	3010793	100
167424	3013198	99.609375
167680	3015487	100
167936	3017671	100
168192	3019920	99.609375
168448	3022404	99.609375
168704	3024763	100
168960	3026946	100
169216	3029107	100
169472	3031294	100
169728	3033540	100
169984	3035946	100
170240	3038080	100
170496	3040334	100
170752	3042752	100
171008	3044889	100
171264	3047210	100
171520	3049285	100
171776	3051534	100
172032	3053758	100
172288	3056033	100
172544	3058172	100
172800	3060526	100
173056	3062687	100
173312	3065004	100
173568	3067198	100
173824	3069318	100
174080	3071466	99.609375
174336	3073568	100
174592	3075678	100
174848	3077977	99.609375
175104	3080203	100
175360	3082492	100
175616	3084588	100
175872	3086693	100
176128	3089216	99.609375
176384	3091289	100
176640	3093570	100
176896	3095762	100
177152	3097847	100
177408	3100035	100
177664	3102223	100
177920	3104329	100
178176	3106761	99.609375
178432	3108990	100
178688	3111054	100
178944	3113240	100
179200	3115506	100
179456	3117546	100
179712	3119677	100
179968	3121758	100
180224	3124064	100
180480	3126152	100
180736	3128383	100
180992	3130562	100
181248	3132859	100
181504	3135078	100
181760	3137572	100
182016	3139698	100
182272	3141826	100
182528	3143830	100
182784	3145817	100
183040	3148012	100
183296	3150303	100
183552	3152607	100
183808	3154849	100
184064	3157179	100
184320	3159425	100
184576	3161498	100
184832	3163573	100
185088	3165755	100
185344	3167790	100
185600	3169943	100
185856	3172129	99.609375
186112	3174239	100
186368	3176480	100
186624	3178342	100
186880	3180442	100
187136	3182599	100
187392	3184838	100
187648	3187206	100
187904	3189198	100
188160	3191358	100
188416	3193412	100
188672	3195633	100
188928	3197774	99.609375
189184	3199926	100
189440	3202201	100
189696	3204468	100
189952	3206696	100
190208	3208766	100
190464	3210610	100
190720	3212789	100
190976	3215070	100
191232	3217137	100
191488	3219208	100
191744	3221372	100
192000	3223467	100
192256	3225644	100
192512	3227642	100
192768	3229652	100
193024	3232176	99.609375
193280	3234184	100
193536	3236184	100
193792	3238625	100
194048	3240831	100
194304	3243188	100
194560	3245167	100
194816	3247125	100
195072	3249381	100
195328	3251564	100
195584	3253539	100
195840	3255569	100
196096	3257523	100
196352	3259577	100
196608	3261616	100
196864	3263780	100
197120	3265813	100
197376	3267884	100
197632	3269952	100
197888	3272113	100
198144	3274295	100
198400	3276490	100
198656	3278616	100
198912	3280813	100
199168	3283083	99.609375
199424	3285073	100
199680	3287160	100
199936	3289501	100
200192	3291514	100
200448	3293776	99.609375
200704	3295982	100
200960	3298315	100
201216	3300532	100
201472	3302668	100
201728	3304569	100
201984	3306857	100
202240	3308967	100
202496	3310981	100
202752	3313128	100
203008	3315263	100
203264	3317452	100
203520	3319412	100
203776	3321480	100
204032	3323684	99.609375
204288	3326224	100
204544	3328174	100
204800	3330258	100
205056	3332512	100
205312	3334784	99.609375
205568	3337018	100
205824	3339081	100
206080	3341145	99.609375
206336	3343084	100
206592	3345440	100
206848	3347512	100
207104	3349855	100
207360	3351886	100
207616	3353926	100
207872	3356070	100
208128	3358324	99.609375
208384	3360449	100
208640	3362579	100
208896	3364689	100
209152	3367104	100
209408	3369220	100
209664	3371461	100
209920	3373593	100
210176	3375491	100
210432	3377333	100
210688	3379396	100
210944	3381441	100
211200	3383431	100
211456	3385574	100
211712	3387751	100
211968	3389804	100
212224	3391969	99.609375
212480	3393986	100
212736	3396000	100
212992	3398188	100
213248	3400249	100
213504	3402384	100
213760	3404349	100
214016	3406584	100
214272	3408636	100
214528	3410747	100
214784	3412824	100
215040	3414789	100
215296	3416961	100
215552	3418941	100
215808	3421055	100
216064	3423055	100
216320	3424977	100
216576	3427203	100
216832	3429370	100
217088	3431765	100
217344	3433636	100
217600	3435744	100
217856	3437712	100
218112	3439837	100
218368	3441959	100
218624	3443890	100
218880	3446030	100
219136	3448042	100
219392	3449946	100
219648	3452118	100
219904	3454131	100
220160	3456316	100
220416	3458177	100
220672	3460299	100
220928	3462267	100
221184	3464119	100
221440	3466269	100
221696	3468415	100
221952	3470629	100
222208	3472717	100
222464	3474639	100
222720	3476739	100
222976	3478750	100
223232	3480990	100
223488	3483010	100
223744	3485038	100
224000	3487179	100
224256	3489252	100
224512	3491192	100
224768	3493264	100
225024	3495307	100
225280	3497587	100
225536	3499576	100
225792	3501619	100
226048	3503559	100
226304	3505554	100
226560	3507553	100
226816	3509734	100
227072	3511707	100
227328	3513645	100
227584	3515838	100
227840	3518063	100
228096	3520154	100
228352	3522278	100
228608	3524322	100
228864	3526454	100
229120	3528447	100
229376	3530541	100
229632	3532584	100
229888	3534621	100
230144	3536760	100
230400	3538819	100
230656	3540735	100
230912	3542710	100
231168	3544639	100
231424	3546597	100
231680	3548619	100
231936	3550538	100
232192	3552589	100
232448	3554732	100
232704	3556900	100
232960	3558951	100
233216	3561024	100
233472	3563006	100
233728	3565291	100
233984	3567387	100
234240	3569413	100
234496	3571601	100
234752	3573525	100
235008	3575498	100
235264	3577572	100
235520	3579609	100
235776	3581685	100
236032	3583703	100
236288	3585824	100
236544	3587843	100
236800	3590015	100
237056	3592142	100
237312	3594167	100
237568	3596225	100
237824	3598363	100
238080	3600508	100
238336	3602608	100
238592	3604712	100
238848	3606593	100
239104	3608496	100
239360	3610485	100
239616	3612440	100
239872	3614456	100
240128	3616516	100
240384	3618454	100
240640	3620559	100
240896	3622677	100
241152	3624739	100
241408	3626991	99.609375
241664	3629265	100
241920	3631108	100
242176	3633051	100
242432	3635106	100
242688	3637258	100
242944	3639281	100
243200	3641346	100
243456	3643362	100
243712	3645380	100
243968	3647437	100
244224	3649476	100
244480	3651471	100
244736	3653560	99.609375
244992	3655427	100
245248	3657508	100
245504	3659580	100
245760	3661427	100
246016	3663537	100
246272	3665624	100
246528	3667555	100
246784	3669580	100
247040	3671527	100
247296	3673673	100
247552	3675636	100
247808	3677557	100
248064	3679470	100
248320	3681596	100
248576	3683626	100
248832	3685477	100
249088	3687479	100
249344	3689475	100
249600	3691410	100
249856	3693615	100
250112	3695714	100
250368	3697784	100
250624	3699768	100
250880	3701793	100
251136	3703749	100
251392	3705572	100
251648	3707588	100
251904	3709671	100
252160	3711751	100
252416	3713833	100
252672	3715905	100
252928	3718001	100
253184	3720030	100
253440	3721998	100
253696	3724047	100
253952	3725892	100
254208	3727939	100
254464	3729954	100
254720	3731873	100
254976	3733837	100
255232	3735913	100
255488	3737744	100
255744	3739823	100
256000	3741702	100
256256	3743736	100
256512	3745793	100
256768	3747726	100
257024	3749849	100
257280	3751861	100
257536	3753877	100
257792	3756029	100
258048	3757962	100
258304	3760013	100
258560	3762206	100
258816	3764249	100
259072	3766122	100
259328	3768012	100
259584	3769965	100
259840	3771983	100
260096	3774247	100
260352	3776304	100
260608	3778313	100
260864	3780337	100
261120	3782295	100
261376	3784405	100
261632	3786440	100
261888	3788506	100
262144	3790363	100
262400	3792284	100
262656	3794362	100
262912	3796255	100
263168	3798376	100
263424	3800433	100
263680	3802485	100
263936	3804688	100
264192	3806789	100
264448	3808935	100
264704	3810866	100
264960	3812853	100
265216	3814827	100
265472	3816799	100
265728	3818940	100
265984	3820873	100
266240	3822925	100
266496	3824836	100
266752	3826917	100
267008	3828955	100
267264	3830777	100
267520	3832767	100
267776	3834817	100
268032	3836731	100
268288	3838633	100
268544	3840570	100
268800	3842655	100
269056	3844581	100
269312	3846572	100
269568	3848509	100
269824	3850470	100
270080	3852571	100
270336	3854635	100
270592	3856597	100
270848	3858660	100
271104	3860516	100
271360	3862523	100
271616	3864520	100
271872	3866526	100
272128	3868612	100
272384	3870667	100
272640	3872694	100
272896	3874603	100
273152	3876536	100
273408	3878497	100
273664	3880447	100
273920	3882700	100
274176	3884676	100
274432	3886660	100
274688	3888545	100
274944	3890601	100
275200	3892628	100
275456	3894561	100
275712	3896493	100
275968	3898338	100
276224	3900395	100
276480	3902317	100
276736	3904174	100
276992	3906208	100
277248	3908352	100
277504	3910222	100
277760	3912144	100
278016	3914193	100
278272	3916212	100
278528	3918114	100
278784	3920194	100
279040	3922201	100
279296	3924329	100
279552	3926436	99.609375
279808	3928445	100
280064	3930236	100
280320	3932290	100
280576	3934364	100
280832	3936386	100
281088	3938566	100
281344	3940504	100
281600	3942376	100
281856	3944457	100
282112	3946508	100
282368	3948573	100
282624	3950818	100
282880	3952765	100
283136	3954791	100
283392	3956884	100
283648	3959045	100
283904	3961117	100
284160	3962973	100
284416	3965037	100
284672	3966983	100
284928	3969011	100
285184	3970960	100
285440	3972981	100
285696	3974955	100
285952	3976925	100
286208	3979049	100
286464	3980983	100
286720	3982956	100
286976	3984886	100
287232	3986786	100
287488	3988698	100
287744	3990686	100
288000	3992737	100
288256	3994609	100
288512	3996683	100
288768	3998810	100
289024	4000863	100
289280	4002836	100
289536	4004687	100
289792	4006769	100
290048	4008772	100
290304	4010787	100
290560	4012797	100
290816	4014741	100
291072	4016633	100
291328	4018505	100
291584	4020484	100
291840	4022450	100
292096	4024566	100
292352	4026624	100
292608	4028676	100
292864	4030609	100
293120	4032571	100
293376	4034655	100
293632	4036655	100
293888	4038496	100
294144	4040581	100
294400	4042337	100
294656	4044265	100
294912	4046180	100
295168	4048029	100
295424	4050033	100
295680	4051902	100
295936	4053836	100
296192	4055886	99.609375
296448	4058099	100
296704	4060153	100
296960	4062184	100
297216	4064194	100
297472	4066318	100
297728	4068248	100
297984	4070177	100
298240	4072122	100
298496	4074211	100
298752	4076116	100
299008	4078134	100
299264	4080236	100
299520	4082147	100
299776	4084209	100
300032	4086097	100
300288	4088174	100
300544	4090224	100
300800	4092349	100
301056	4094517	100
301312	4096440	100
301568	4098350	100
301824	4100436	100
302080	4102511	100
302336	4104503	100
302592	4106463	100
302848	4108261	100
303104	4110084	100
303360	4111980	100
303616	4113986	100
303872	4115861	100
304128	4117969	100
304384	4119884	100
304640	4121731	100
304896	4123911	100
305152	4125867	100
305408	4127733	100
305664	4129870	100
305920	4131857	100
306176	4133752	100
306432	4135805	100
306688	4137612	100
306944	4139528	100
307200	4141588	100
307456	4143623	100
307712	4145449	100
307968	4147369	100
308224	4149492	100
308480	4151562	100
308736	4153536	100
308992	4155514	100
309248	4157438	100
309504	4159329	100
309760	4161343	100
310016	4163297	100
310272	4165088	100
310528	4167155	100
310784	4169218	100
311040	4171310	100
311296	4173198	100
311552	4175075	100
311808	4177177	100
312064	4179144	100
312320	4180973	100
312576	4182890	100
312832	4184714	100
313088	4186817	100
313344	4188927	100
313600	4191018	100
313856	4192929	100
314112	4194838	100
314368	4196811	100
314624	4198765	100
314880	4200639	100
315136	4202566	100
315392	4204566	100
315648	4206464	100
315904	4208382	100
316160	4210251	100
316416	4212178	100
316672	4214170	100
316928	4216186	100
317184	4218277	100
317440	4220285	100
317696	4222255	100
317952	4224205	100
318208	4226187	100
318464	4228060	100
318720	4230058	100
318976	4231793	100
319232	4233616	100
319488	4235578	100
319744	4237566	100
320000	4239560	100
320256	4241610	100
320512	4243616	100
320768	4245553	100
321024	4247515	100
321280	4249326	100
321536	4251134	100
321792	4253212	100
322048	4255291	100
322304	4257413	100
322560	4259314	100
322816	4261271	100
323072	4263251	100
323328	4265242	100
323584	4267102	100
323840	4269109	100
324096	4271091	100
324352	4273169	100
324608	4275237	100
324864	4277084	100
325120	4278825	100
325376	4280819	100
325632	4282694	100
325888	4284814	100
326144	4286751	100
326400	4288692	100
326656	4290667	100
326912	4292561	100
327168	4294533	100
327424	4296482	100
327680	4298141	100
327936	4300083	100
328192	4302055	100
328448	4304041	100
328704	4305992	100
328960	4307908	100
329216	4309943	100
329472	4311810	100
329728	4313896	100
329984	4315860	100
330240	4317776	100
330496	4319877	100
330752	4321766	100
331008	4323729	100
331264	4325610	100
331520	4327498	100
331776	4329258	100
332032	4331109	100
332288	4333007	100
332544	4335094	100
332800	4337051	100
333056	4338874	100
333312	4340987	100
333568	4342865	100
333824	4344700	100
334080	4346584	100
334336	4348506	100
334592	4350345	100
334848	4352315	100
335104	4354235	100
335360	4356298	100
335616	4358333	100
335872	4360250	100
336128	4362087	100
336384	4364001	100
336640	4366018	100
336896	4367886	100
337152	4369786	100
337408	4371605	100
337664	4373572	100
337920	4375419	100
338176	4377353	100
338432	4379259	100
338688	4381228	100
338944	4383209	100
339200	4385212	100
339456	4387036	100
339712	4388953	100
339968	4390805	100
340224	4392786	100
340480	4394723	100
340736	4396477	100
340992	4398355	100
341248	4400109	100
341504	4402209	100
341760	4404209	100
342016	4406282	100
342272	4408273	100
342528	4410160	100
342784	4412039	100
343040	4414001	100
343296	4415886	100
343552	4417723	100
343808	4419648	100
344064	4421669	100
344320	4423573	100
344576	4425538	100
344832	4427513	99.609375
345088	4429358	100
345344	4431142	100
345600	4433206	100
345856	4435060	100
346112	4437007	100
346368	4438896	100
346624	4440888	100
346880	4442809	100
347136	4444680	100
347392	4446630	100
347648	4448584	100
347904	4450597	100
348160	4452422	100
348416	4454372	100
348672	4456280	100
348928	4458273	100
349184	4460342	100
349440	4462307	100
349696	4464245	100
349952	4466250	100
350208	4468142	100
350464	4470236	100
350720	4472061	100
350976	4473841	100
351232	4475713	100
351488	4477505	100
351744	4479383	100
352000	4481264	100
352256	4483186	100
352512	4485101	100
352768	4487007	100
353024	4489010	100
353280	4490969	100
353536	4492975	100
353792	4494992	100
354048	4496952	100
354304	4498768	100
354560	4500555	100
354816	4502317	100
355072	4504376	100
355328	4506216	100
355584	4508110	100
355840	4510053	100
356096	4512010	100
356352	4513860	100
356608	4515780	100
356864	4517838	100
357120	4519715	100
357376	4521663	100
357632	4523585	100
357888	4525539	100
358144	4527511	100
358400	4529447	100
358656	4531354	100
358912	4533363	100
359168	4535275	100
359424	4537215	100
359680	4539137	100
359936	4540981	100
360192	4542941	100
360448	4544936	100
360704	4546887	100
360960	4549003	100
361216	4550827	100
361472	4552758	100
361728	4554630	100
361984	4556543	100
362240	4558423	100
362496	4560489	100
362752	4562396	100
363008	4564395	100
363264	4566261	100
363520	4568192	100
363776	4570005	100
364032	4572021	100
364288	4574071	100
364544	4575888	100
364800	4577778	100
365056	4579668	100
365312	4581615	100
365568	4583584	100
365824	4585548	100
366080	4587524	100
366336	4589448	100
366592	4591231	100
366848	4593184	100
367104	4594976	100
367360	4596969	100
367616	4598809	100
367872	4600853	100
368128	4602698	100
368384	4604542	100
368640	4606403	100
368896	4608199	100
369152	4610020	100
369408	4611941	100
369664	4613956	100
369920	4615942	100
370176	4617785	100
370432	4619797	100
370688	4621735	100
370944	4623634	100
371200	4625503	100
371456	4627394	100
371712	4629386	100
371968	4631343	100
372224	4633124	100
372480	4635002	100
372736	4636862	100
372992	4638885	100
373248	4641028	100
373504	4642915	100
373760	4644831	100
374016	4646643	100
374272	4648609	100
374528	4650512	100
374784	4652384	100
375040	4654331	100
375296	4656259	100
375552	4658155	100
375808	4659918	100
376064	4661809	100
376320	4663657	100
376576	4665639	100
376832	4667539	100
377088	4669592	100
377344	4671657	100
377600	4673545	100
377856	4675488	100
378112	4677561	100
378368	4679479	100
378624	4681349	100
378880	4683202	100
379136	4685233	100
379392	4687220	100
379648	4689212	100
379904	4691040	100
380160	4692967	100
380416	4694768	100
380672	4696835	100
380928	4698744	100
381184	4700702	100
381440	4702752	100
381696	4704594	100
381952	4706378	100
382208	4708186	100
382464	4710112	100
382720	4711903	100
382976	4713897	100
383232	4715596	100
383488	4717552	100
383744	4719390	100
384000	4721313	100
384256	4723321	100
384512	4725146	100
384768	4727076	100
385024	4729001	100
385280	4730804	100
385536	4732763	100
385792	4734735	100
386048	4736533	100
386304	4738350	100
386560	4740195	100
386816	4741996	100
387072	4743846	100
387328	4745772	100
387584	4747634	100
387840	4749512	100
388096	4751412	100
388352	4753339	100
388608	4755184	100
388864	4757000	100
389120	4758911	100
389376	4760856	100
389632	4762893	100
389888	4764783	100
390144	4766642	100
390400	4768515	100
390656	4770338	100
390912	4772197	100
391168	4774151	100
391424	4775999	100
391680	4777806	100
391936	4779799	100
392192	4781835	100
392448	4783681	100
392704	4785538	100
392960	4787381	100
393216	4789202	100
393472	4791265	100
393728	4793189	100
393984	4795053	100
394240	4796860	100
394496	4798735	100
394752	4800578	100
395008	4802509	100
395264	4804196	100
395520	4806003	100
395776	4807934	100
396032	4809842	100
396288	4811831	100
396544	4813770	100
396800	4815661	100
397056	4817578	100
397312	4819407	100
397568	4821353	100
397824	4823360	100
398080	4825347	100
398336	4827190	100
398592	4828983	100
398848	4830783	100
399104	4832638	100
399360	4834531	100
399616	4836319	100
399872	4838244	100
400128	4839966	100
400384	4842003	100
400640	4843985	100
400896	4845920	100
401152	4847752	100
401408	4849826	100
401664	4851793	100
401920	4853706	100
402176	4855520	100
402432	4857268	100
402688	4859215	100
402944	4861091	100
403200	4862965	100
403456	4864958	100
403712	4866821	100
403968	4868675	100
404224	4870516	100
404480	4872339	100
404736	4874071	100
404992	4875938	100
405248	4877867	100
405504	4879817	100
405760	4881893	100
406016	4883767	100
406272	4885613	100
406528	4887644	100
406784	4889556	100
407040	4891447	100
407296	4893379	100
407552	4895235	100
407808	4897186	100
408064	4899038	100
408320	4901097	100
408576	4903223	100
408832	4905071	100
409088	4907013	100
409344	4908905	100
409600	4910849	100
409856	4912907	100
410112	4914732	100
410368	4916739	100
410624	4918608	100
410880	4920487	100
411136	4922410	100
411392	4924524	100
411648	4926340	100
411904	4928214	100
412160	4930294	100
412416	4932193	100
412672	4934012	100
412928	4936010	100
413184	4937907	100
413440	4939740	100
413696	4941714	100
413952	4943602	100
414208	4945505	100
414464	4947375	100
414720	4949356	100
414976	4951333	100
415232	4953207	100
415488	4955060	100
415744	4956940	100
416000	4958837	100
416256	4960650	100
416512	4962672	100
416768	4964518	100
417024	4966349	100
417280	4968143	100
417536	4970035	100
417792	4972109	100
418048	4974162	100
418304	4975907	100
418560	4977797	100
418816	4979679	100
419072	4981620	100
419328	4983557	100
419584	4985473	100
419840	4987440	100
420096	4989443	100
420352	4991338	100
420608	4993270	100
420864	4995236	100
421120	4997294	100
421376	4999217	100
421632	5001059	100
421888	5002876	100
422144	5004730	100
422400	5006539	100
422656	5008328	100
422912	5010265	100
423168	5012088	100
423424	5013966	100
423680	5015844	100
423936	5017741	100
424192	5019495	100
424448	5021381	100
424704	5023241	100
424960	5025129	100
425216	5027006	100
425472	5028908	100
425728	5030812	100
425984	5032762	100
426240	5034618	100
426496	5036455	100
426752	5038354	100
427008	5040086	100
427264	5041896	100
427520	5043721	100
427776	5045648	100
428032	5047517	100
428288	5049504	100
428544	5051232	100
428800	5053317	100
429056	5055037	100
429312	5056908	100
429568	5058714	100
429824	5060684	100
430080	5062519	100
430336	5064382	100
430592	5066162	100
430848	5067985	100
431104	5069892	100
431360	5071814	100
431616	5073812	100
431872	5075776	100
432128	5077566	100
432384	5079392	100
432640	5081274	100
432896	5083132	100
433152	5084987	100
433408	5086841	100
433664	5088642	100
433920	5090525	100
434176	5092282	100
434432	5094069	100
434688	5095879	100
434944	5097975	100
435200	5099911	100
435456	5101678	100
435712	5103576	100
435968	5105496	100
436224	5107335	100
436480	5109226	100
436736	5111050	100
436992	5112912	100
437248	5114816	100
437504	5116705	100
437760	5118822	100
438016	5120678	100
438272	5122636	100
438528	5124352	100
438784	5126261	100
439040	5128302	100
439296	5130260	100
439552	5132108	100
439808	5133842	100
440064	5135649	100
440320	5137587	100
440576	5139543	100
440832	5141639	100
441088	5143460	100
441344	5145381	100
441600	5147310	100
441856	5149176	100
442112	5151020	100
442368	5152968	100
442624	5154795	100
442880	5156636	100
443136	5158489	100
443392	5160213	100
443648	5162174	100
443904	5164112	100
444160	5165965	100
444416	5167847	100
444672	5169693	100
444928	5171636	100
445184	5173456	100
445440	5175393	100
445696	5177199	100
445952	5179105	100
446208	5181070	100
446464	5182993	100
446720	5184816	100
446976	5186686	100
447232	5188454	100
447488	5190422	100
447744	5192162	100
448000	5193915	100
448256	5195841	100
448512	5197711	100
448768	5199673	100
449024	5201534	100
449280	5203377	100
449536	5205243	100
449792	5207037	100
450048	5208912	100
450304	5210730	100
450560	5212588	100
450816	5214224	100
451072	5216139	100
451328	5218085	100
451584	5219991	100
451840	5221926	100
452096	5223756	100
452352	5225399	100
452608	5227207	100
452864	5229080	100
453120	5230852	100
453376	5232636	100
453632	5234501	100
453888	5236485	100
454144	5238455	100
454400	5240200	100
454656	5242172	100
454912	5244062	100
455168	5246010	100
455424	5247811	100
455680	5249661	100
455936	5251401	100
456192	5253181	100
456448	5254991	100
456704	5256802	100
456960	5258602	100
457216	5260373	100
457472	5262387	100
457728	5264154	100
457984	5265940	100
458240	5267751	100
458496	5269565	100
458752	5271419	100
459008	5273162	100
459264	5274971	100
459520	5276997	100
459776	5278976	100
460032	5280831	100
460288	5282712	100
460544	5284493	100
460800	5286337	100
461056	5288205	100
461312	5290107	100
461568	5292037	100
461824	5293999	100
462080	5295742	100
462336	5297571	100
462592	5299413	100
462848	5301404	100
463104	5303330	100
463360	5305205	100
463616	5307098	100
463872	5309009	100
464128	5310870	100
464384	5312773	100
464640	5314642	100
464896	5316551	100
465152	5318440	100
465408	5320234	100
465664	5322082	100
465920	5323954	100
466176	5325874	100
466432	5327708	100
466688	5329496	100
466944	5331307	100
467200	5333142	100
467456	5334853	100
467712	5336753	100
467968	5338566	100
468224	5340475	100
468480	5342422	100
468736	5344309	100
468992	5346111	100
469248	5347993	100
469504	5349900	100
469760	5351826	100
470016	5353626	100
470272	5355404	100
470528	5357254	100
470784	5359036	100
471040	5360776	100
471296	5362714	100
471552	5364549	100
471808	5366359	100
472064	5368221	100
472320	5369876	100
472576	5371836	100
472832	5373610	100
473088	5375364	100
473344	5377188	100
473600	5378947	100
473856	5380876	100
474112	5382751	100
474368	5384615	100
474624	5386415	100
474880	5388362	100
475136	5390127	100
475392	5391877	100
475648	5393760	100
475904	5395588	100
476160	5397421	100
476416	5399289	100
476672	5401158	100
476928	5402995	100
477184	5404888	100
477440	5406902	100
477696	5408750	100
477952	5410577	100
478208	5412308	100
478464	5414143	100
478720	5415914	100
478976	5417793	100
479232	5419614	100
479488	5421435	100
479744	5423219	100
480000	5424980	100
480256	5426831	100
480512	5428689	100
480768	5430609	100
481024	5432430	100
481280	5434239	100
481536	5436132	100
481792	5438117	100
482048	5440032	100
482304	5441993	100
482560	5443821	100
482816	5445706	100
483072	5447492	100
483328	5449367	100
483584	5451170	100
483840	5453038	100
484096	5454954	100
484352	5456843	100
484608	5458609	100
484864	5460403	100
485120	5462222	100
485376	5464056	100
485632	5465837	100
485888	5467786	100
486144	5469655	100
486400	5471608	100
486656	5473521	100
486912	5475466	100
487168	5477180	100
487424	5478981	100
487680	5480761	100
487936	5482593	100
488192	5484388	100
488448	5486314	100
488704	5488167	100
488960	5489966	100
489216	5491874	100
489472	5493791	100
489728	5495730	100
489984	5497542	100
490240	5499452	100
490496	5501348	100
490752	5503261	100
491008	5505108	100
491264	5506960	100
491520	5508797	100
491776	5510654	100
492032	5512392	100
492288	5514246	100
492544	5516185	100
492800	5517951	100
493056	5519739	100
493312	5521539	100
493568	5523263	100
493824	5524994	100
494080	5526931	100
494336	5528889	100
494592	5530678	100
494848	5532516	100
495104	5534344	100
495360	5536284	100
495616	5538211	100
495872	5539979	100
496128	5541882	100
496384	5543784	100
496640	5545610	100
496896	5547451	100
497152	5549413	100
497408	5551205	100
497664	5553089	100
497920	5555008	100
498176	5556819	100
498432	5558815	100
498688	5560727	100
498944	5562719	100
499200	5564672	100
499456	5566507	100
499712	5568428	100
499968	5570391	100
500224	5572243	100
500480	5574002	100
500736	5575858	100
500992	5577562	100
501248	5579397	100
501504	5581297	100
501760	5583043	100
502016	5584882	100
502272	5586773	100
502528	5588504	100
502784	5590427	100
503040	5592374	100
503296	5594195	100
503552	5596041	100
503808	5597916	100
504064	5599897	100
504320	5601701	100
504576	5603528	100
504832	5605354	100
505088	5607133	100
505344	5608980	100
505600	5610892	100
505856	5612709	100
506112	5614681	100
506368	5616566	100
506624	5618489	100
506880	5620473	100
507136	5622267	100
507392	5624057	100
507648	5625884	100
507904	5627756	100
508160	5629649	100
508416	5631611	100
508672	5633453	100
508928	5635230	100
509184	5637218	100
509440	5638957	100
509696	5640702	100
509952	5642558	100
510208	5644498	100
510464	5646312	100
510720	5648087	100
510976	5649997	100
511232	5651864	100
511488	5653804	100
511744	5655468	100
512000	5657232	100
512256	5658990	100
512512	5660790	100
512768	5662653	100
513024	5664539	100
513280	5666416	100
513536	5668335	100
513792	5670209	100
514048	5672060	100
514304	5673932	100
514560	5675747	100
514816	5677561	100
515072	5679303	100
515328	5681262	100
515584	5683054	100
515840	5684898	100
516096	5686571	100
516352	5688323	100
516608	5690155	100
516864	5692138	100
517120	5694132	100
517376	5695847	100
517632	5697676	100
517888	5699346	100
518144	5701207	100
518400	5703102	100
518656	5704866	100
518912	5706708	100
519168	5708560	100
519424	5710363	100
519680	5712169	100
519936	5714171	100
520192	5715952	100
520448	5717647	100
520704	5719568	100
520960	5721336	100
521216	5723082	100
521472	5724862	100
521728	5726708	100
521984	5728609	100
522240	5730447	100
522496	5732398	100
522752	5734293	100
523008	5736184	100
523264	5737957	100
523520	5739761	100
523776	5741557	100
524032	5743456	100
524288	5745151	100
524544	5746937	100
524800	5748772	100
525056	5750497	100
525312	5752281	100
525568	5754212	100
525824	5756025	100
526080	5757906	100
526336	5759704	100
526592	5761470	100
526848	5763227	100
527104	5765040	100
527360	5766940	100
527616	5768863	100
527872	5770666	100
528128	5772648	100
528384	5774494	100
528640	5776178	100
528896	5777991	100
529152	5779837	100
529408	5781655	100
529664	5783476	100
529920	5785266	100
530176	5787067	100
530432	5789018	100
530688	5790832	100
530944	5792714	100
531200	5794630	100
531456	5796486	100
531712	5798418	100
531968	5800301	100
532224	5802055	100
532480	5803973	100
532736	5805911	100
532992	5807646	100
533248	5809379	100
533504	5811379	100
533760	5813187	100
534016	5815008	100
534272	5816765	100
534528	5818589	100
534784	5820445	100
535040	5822324	100
535296	5824107	100
535552	5825848	100
535808	5827574	100
536064	5829293	100
536320	5831199	100
536576	5833028	100
536832	5834894	100
537088	5836782	100
537344	5838660	100
537600	5840456	100
537856	5842247	100
538112	5844032	100
538368	5845962	100
538624	5847870	100
538880	5849762	100
539136	5851605	100
539392	5853377	100
539648	5855207	100
539904	5857061	100
540160	5858938	100
540416	5860752	100
540672	5862526	100
540928	5864273	100
541184	5866096	100
541440	5868035	100
541696	5869915	100
541952	5871674	100
542208	5873396	100
542464	5875088	100
542720	5876920	100
542976	5878752	100
543232	5880594	100
543488	5882467	100
543744	5884261	100
544000	5886114	100
544256	5887912	100
544512	5889718	100
544768	5891522	100
545024	5893351	100
545280	5895185	100
545536	5897101	100
545792	5899012	100
546048	5900800	100
546304	5902582	100
546560	5904451	100
546816	5906328	100
547072	5908196	100
547328	5909882	100
547584	5911710	100
547840	5913588	100
548096	5915492	100
548352	5917428	100
548608	5919239	100
548864	5921071	100
549120	5922852	100
549376	5924629	100
549632	5926334	100
549888	5928217	100
550144	5929902	100
550400	5931801	100
550656	5933783	100
550912	5935768	100
551168	5937731	100
551424	5939491	100
551680	5941327	100
551936	5943154	100
552192	5945066	100
552448	5947017	100
552704	5948750	100
552960	5950524	100
553216	5952360	100
553472	5954058	100
553728	5955815	100
553984	5957757	100
554240	5959444	100
554496	5961422	100
554752	5963394	100
555008	5965200	100
555264	5967023	100
555520	5968980	100
555776	5970881	100
556032	5972779	100
556288	5974719	100
556544	5976519	100
556800	5978434	100
557056	5980340	100
557312	5982092	100
557568	5983954	100
557824	5985790	100
558080	5987697	100
558336	5989615	100
558592	5991563	100
558848	5993276	100
559104	5995140	100
559360	5996963	100
559616	5998760	100
559872	6000618	100
560128	6002370	100
560384	6004148	100
560640	6005912	100
560896	6007573	100
561152	6009533	100
561408	6011403	100
561664	6013272	100
561920	6015141	100
562176	6017008	100
562432	6018765	100
562688	6020587	100
562944	6022489	100
563200	6024395	100
563456	6026256	100
563712	6028084	100
563968	6029928	100
564224	6031729	100
564480	6033462	100
564736	6035383	100
564992	6037284	100
565248	6039229	100
565504	6040983	100
565760	6042830	100
566016	6044603	100
566272	6046362	100
566528	6048198	100
566784	6049940	100
567040	6051853	100
567296	6053743	100
567552	6055480	100
567808	6057316	100
568064	6059223	100
568320	6061128	100
568576	6062959	100
568832	6064784	100
569088	6066547	100
569344	6068245	100
569600	6070045	100
569856	6071915	100
570112	6073996	100
570368	6075782	100
570624	6077572	100
570880	6079334	100
571136	6081201	100
571392	6082978	100
571648	6084774	100
571904	6086454	100
572160	6088287	100
572416	6090127	100
572672	6091845	100
572928	6093552	100
573184	6095404	100
573440	6097297	100
573696	6099120	100
573952	6101012	100
574208	6102932	100
574464	6104707	100
574720	6106621	100
574976	6108505	100
575232	6110249	100
575488	6112196	100
575744	6114159	100
576000	6115892	100
576256	6117620	100
576512	6119450	100
576768	6121205	100
577024	6123048	100
577280	6124839	100
577536	6126611	100
577792	6128471	100
578048	6130310	100
578304	6132068	100
578560	6133922	100
578816	6135792	100
579072	6137557	100
579328	6139401	100
579584	6141241	100
579840	6143126	100
580096	6145012	100
580352	6146811	100
580608	6148526	100
580864	6150309	100
581120	6152062	100
581376	6153810	100
581632	6155663	100
581888	6157498	100
582144	6159367	100
582400	6161184	100
582656	6163116	100
582912	6164932	100
583168	6166774	100
583424	6168607	100
583680	6170474	100
583936	6172363	100
584192	6174165	100
584448	6175925	100
584704	6177748	100
584960	6179541	100
585216	6181440	100
585472	6183384	100
585728	6185265	100
585984	6187228	100
586240	6189012	100
586496	6190718	100
586752	6192506	100
587008	6194288	100
587264	6196175	100
587520	6197958	100
587776	6199706	100
588032	6201437	100
588288	6203224	100
588544	6205049	100
588800	6206868	100
589056	6208814	100
589312	6210472	100
589568	6212255	100
589824	6214072	100
590080	6215807	100
590336	6217614	100
590592	6219556	100
590848	6221389	100
591104	6223225	100
591360	6225069	100
591616	6226995	100
591872	6228724	100
592128	6230607	100
592384	6232558	100
592640	6234518	100
592896	6236434	100
593152	6238269	100
593408	6240129	100
593664	6242117	100
593920	6243925	100
594176	6245667	100
594432	6247481	100
594688	6249253	100
594944	6251159	100
595200	6252947	100
595456	6254902	100
595712	6256724	100
595968	6258581	100
596224	6260359	100
596480	6262205	100
596736	6264027	100
596992	6265882	100
597248	6267650	100
597504	6269604	100
597760	6271440	100
598016	6273261	100
598272	6275110	100
598528	6276837	100
598784	6278598	100
599040	6280330	100
599296	6282073	100
599552	6283837	100
599808	6285769	100
600064	6287569	100
600320	6289407	100
600576	6291154	100
600832	6292951	100
601088	6294677	100
601344	6296625	100
601600	6298446	100
601856	6300207	100
602112	6302037	100
602368	6303983	100
602624	6305683	100
602880	6307539	100
603136	6309353	100
603392	6311153	100
603648	6312860	100
603904	6314736	100
604160	6316552	100
604416	6318353	100
604672	6320096	100
604928	6321781	100
605184	6323667	100
605440	6325416	100
605696	6327125	100
605952	6328900	100
606208	6330756	100
606464	6332492	100
606720	6334329	100
606976	6336114	100
607232	6338065	100
607488	6339883	100
607744	6341792	100
608000	6343561	100
608256	6345284	100
608512	6347066	100
608768	6348783	100
609024	6350623	100
609280	6352440	100
609536	6354269	100
609792	6356051	100
610048	6357796	100
610304	6359500	100
610560	6361328	100
610816	6363065	100
611072	6364975	100
611328	6366851	100
611584	6368486	100
611840	6370377	100
612096	6372008	100
612352	6373879	100
612608	6375584	100
612864	6377379	100
613120	6379213	100
613376	6381097	100
613632	6382864	100
613888	6384676	100
614144	6386494	100
614400	6388311	100
614656	6390162	100
614912	6391932	100
615168	6393741	100
615424	6395629	100
615680	6397399	100
615936	6399252	100
616192	6401119	100
616448	6402894	100
616704	6404711	100
616960	6406412	100
617216	6408287	100
617472	6410006	100
617728	6411943	100
617984	6413714	100
618240	6415543	100
618496	6417384	100
618752	6419295	100
619008	6420983	100
619264	6422848	100
619520	6424619	100
619776	6426459	100
620032	6428257	100
620288	6430057	100
620544	6431988	100
620800	6433749	100
621056	6435524	100
621312	6437302	100
621568	6439079	100
621824	6440832	100
622080	6442533	100
622336	6444401	100
622592	6446246	100
622848	6448073	100
623104	6449932	100
623360	6451669	100
623616	6453439	100
623872	6455263	100
624128	6456985	100
624384	6458854	100
624640	6460758	100
624896	6462660	100
625152	6464534	100
625408	6466272	100
625664	6468083	100
625920	6469884	100
626176	6471635	100
626432	6473453	100
626688	6475269	100
626944	6477034	100
627200	6478802	100
627456	6480591	100
627712	6482404	100
627968	6484248	100
628224	6486110	100
628480	6487775	100
628736	6489637	100
628992	6491394	100
629248	6493133	100
629504	6494999	100
629760	6496833	100
630016	6498502	100
630272	6500159	100
630528	6501843	100
630784	6503702	100
631040	6505435	100
631296	6507167	100
631552	6509123	100
631808	6510838	100
632064	6512638	100
632320	6514609	100
632576	6516455	100
632832	6518147	100
633088	6519821	100
633344	6521620	100
633600	6523402	100
633856	6525200	100
634112	6526959	100
634368	6528847	100
634624	6530733	100
634880	6532471	100
635136	6534272	100
635392	6536206	100
635648	6537916	100
635904	6539739	100
636160	6541657	100
636416	6543390	100
636672	6545236	100
636928	6547068	100
637184	6549003	100
637440	6550891	100
637696	6552624	100
637952	6554353	100
638208	6556106	100
638464	6557865	100
638720	6559605	100
638976	6561314	100
639232	6563066	100
639488	6564964	100
639744	6566658	100
640000	6568500	100
640256	6570156	100
640512	6572008	100
640768	6573872	100
641024	6575632	100
641280	6577414	100
641536	6579251	100
641792	6581129	100
642048	6582880	100
642304	6584708	100
642560	6586440	100
642816	6588430	100
643072	6590231	100
643328	6592114	100
643584	6593943	100
643840	6595760	100
644096	6597604	100
644352	6599294	100
644608	6601073	100
644864	6602842	100
645120	6604675	100
645376	6606489	100
645632	6608346	100
645888	6610132	100
646144	6612041	100
646400	6613876	100
646656	6615662	100
646912	6617444	100
647168	6619254	100
647424	6621156	100
647680	6622985	100
647936	6624830	100
648192	6626656	100
648448	6628431	100
648704	6630258	100
648960	6632181	100
649216	6633991	100
649472	6635728	100
649728	6637501	100
649984	6639404	100
650240	6641096	100
650496	6643015	100
650752	6644767	100
651008	6646580	100
651264	6648430	100
651520	6650248	100
651776	6652050	100
652032	6653764	100
652288	6655609	100
652544	6657401	100
652800	6659104	100
653056	6660733	100
653312	6662577	100
653568	6664439	100
653824	6666229	100
654080	6668086	100
654336	6669959	100
654592	6671685	100
654848	6673568	100
655104	6675465	100
655360	6677239	100
655616	6679008	100
655872	6680827	100
656128	6682530	100
656384	6684219	100
656640	6686014	100
656896	6687758	100
657152	6689701	100
657408	6691629	100
657664	6693414	100
657920	6695131	100
658176	6696920	100
658432	6698703	100
658688	6700428	100
658944	6702210	100
659200	6704054	100
659456	6705809	100
659712	6707564	100
659968	6709355	100
660224	6711222	100
660480	6712982	100
660736	6714840	100
660992	6716799	100
661248	6718679	100
661504	6720499	100
661760	6722188	100
662016	6723953	100
662272	6725770	100
662528	6727549	100
662784	6729254	100
663040	6731221	100
663296	6732992	100
663552	6734690	100
663808	6736517	100
664064	6738273	100
664320	6740124	100
664576	6741991	100
664832	6743836	100
665088	6745646	100
665344	6747523	100
665600	6749333	100
665856	6751103	100
666112	6753159	100
666368	6754939	100
666624	6756833	100
666880	6758523	100
667136	6760358	100
667392	6762193	100
667648	6763928	100
667904	6765688	100
668160	6767621	100
668416	6769457	100
668672	6771313	100
668928	6773164	100
669184	6774869	100
669440	6776659	100
669696	6778489	100
669952	6780393	100
670208	6782145	100
670464	6783922	100
670720	6785746	100
670976	6787500	100
671232	6789321	100
671488	6791099	100
671744	6792861	100
672000	6794691	100
672256	6796382	100
672512	6798198	100
672768	6800051	100
673024	6801933	100
673280	6803892	100
673536	6805701	100
673792	6807438	100
674048	6809278	100
674304	6811060	100
674560	6812804	100
674816	6814614	100
675072	6816383	100
675328	6818282	100
675584	6820050	100
675840	6821894	100
676096	6823735	100
676352	6825464	100
676608	6827285	100
676864	6829057	100
677120	6830802	100
677376	6832597	100
677632	6834364	100
677888	6836073	100
678144	6837935	100
678400	6839733	100
678656	6841460	100
678912	6843243	100
679168	6845072	100
679424	6846816	100
679680	6848551	100
679936	6850355	100
680192	6852210	100
680448	6853921	100
680704	6855643	100
680960	6857343	100
681216	6859060	100
681472	6860897	100
681728	6862625	100
681984	6864402	100
682240	6866281	100
682496	6868095	100
682752	6869878	100
683008	6871875	100
683264	6873576	100
683520	6875300	100
683776	6877269	100
684032	6878897	100
684288	6880693	100
684544	6882517	100
684800	6884281	100
685056	6885970	100
685312	6887637	100
685568	6889433	100
685824	6891160	100
686080	6892989	100
686336	6894695	100
686592	6896343	100
686848	6898100	100
687104	6899972	100
687360	6901885	100
687616	6903698	100
687872	6905455	100
688128	6907203	100
688384	6909009	100
688640	6910832	100
688896	6912667	100
689152	6914548	100
689408	6916262	100
689664	6918227	100
689920	6920017	100
690176	6921805	100
690432	6923777	100
690688	6925494	100
690944	6927363	100
691200	6929170	100
691456	6931084	100
691712	6932783	100
691968	6934657	100
692224	6936503	100
692480	6938304	100
692736	6940075	100
692992	6941922	100
693248	6943752	100
693504	6945503	100
693760	6947196	100
694016	6949134	100
694272	6950964	100
694528	6952763	100
694784	6954667	100
695040	6956555	100
695296	6958303	100
695552	6959920	100
695808	6961813	100
696064	6963643	100
696320	6965506	100
696576	6967348	100
696832	6969039	100
697088	6970794	100
697344	6972639	100
697600	6974506	100
697856	6976305	100
698112	6978081	100
698368	6979784	100
698624	6981631	100
698880	6983344	100
699136	6985413	100
699392	6987349	100
699648	6989133	100
699904	6990983	100
700160	6992823	100
700416	6994724	100
700672	6996459	100
700928	6998314	100
701184	7000171	100
701440	7001892	100
701696	7003641	100
701952	7005368	100
702208	7007130	100
702464	7008877	100
702720	7010784	100
702976	7012422	100
703232	7014231	100
703488	7016146	100
703744	7017897	100
704000	7019672	100
704256	7021435	100
704512	7023240	100
704768	7024978	100
705024	7026753	100
705280	7028487	100
705536	7030362	100
705792	7032036	100
706048	7033843	100
706304	7035622	100
706560	7037550	100
706816	7039330	100
707072	7041015	100
707328	7042815	100
707584	7044609	100
707840	7046374	100
708096	7048281	100
708352	7050172	100
708608	7051983	100
708864	7053677	100
709120	7055370	100
709376	7057153	100
709632	7059002	100
709888	7060808	100
710144	7062608	100
710400	7064310	100
710656	7066009	100
710912	7067760	100
711168	7069516	100
711424	7071295	100
711680	7073135	100
711936	7074946	100
712192	7076710	100
712448	7078460	100
712704	7080274	100
712960	7082097	100
713216	7083719	100
713472	7085508	100
713728	7087325	100
713984	7089130	100
714240	7090945	100
714496	7092569	100
714752	7094251	100
715008	7096081	100
715264	7097871	100
715520	7099652	100
715776	7101524	100
716032	7103232	100
716288	7104994	100
716544	7106930	100
