256	23185	9.765625	3.400000
512	40639	33.203125	4.164706
768	55481	44.140625	4.796460
1024	65903	62.500000	5.137500
1280	75791	65.234375	5.916168
1536	83184	75.390625	5.663212
1792	88724	82.812500	5.377358
2048	93629	85.937500	5.931818
2304	97881	88.671875	5.955947
2560	101593	90.625000	5.655172
2816	105167	91.015625	5.467811
3072	107748	94.921875	5.271605
3328	110843	92.968750	5.441176
3584	113580	94.531250	5.524793
3840	115450	98.828125	6.205534
4096	117615	96.875000	5.504032
4352	119735	97.265625	5.702811
4608	121948	96.484375	5.315789
4864	123877	97.656250	5.316000
5120	125547	98.828125	5.415020
5376	126953	99.609375	5.121569
5632	128796	97.656250	4.972000
5888	130786	97.265625	5.180723
6144	132159	99.609375	4.992157
6400	133588	99.218750	4.838583
6656	134991	99.609375	5.109804
6912	136498	99.218750	5.145669
7168	137826	99.609375	4.815686
7424	139209	99.609375	5.031373
7680	140649	99.609375	5.254902
7936	141909	100.000000	4.921875
8192	143249	100.000000	5.234375
8448	144559	100.000000	5.117188
8704	146041	98.828125	4.671937
8960	147426	99.609375	5.039216
9216	148858	99.218750	4.850394
9472	150112	100.000000	4.898438
9728	151479	99.609375	4.968627
9984	152719	100.000000	4.843750
10240	154057	99.609375	4.854902
10496	155296	100.000000	4.839844
10752	156503	100.000000	4.714844
11008	157739	100.000000	4.828125
11264	159037	99.609375	4.698039
11520	160305	100.000000	4.953125
11776	161578	100.000000	4.972656
12032	162815	100.000000	4.832031
12288	164063	100.000000	4.875000
12544	165274	100.000000	4.730469
12800	166482	100.000000	4.718750
13056	167752	100.000000	4.960938
13312	168945	100.000000	4.660156
13568	170168	100.000000	4.777344
13824	171384	100.000000	4.750000
14080	172623	100.000000	4.839844
14336	173827	100.000000	4.703125
14592	175120	99.609375	4.678431
14848	176517	99.609375	5.086275
15104	177725	100.000000	4.718750
15360	178904	100.000000	4.605469
15616	180157	100.000000	4.894531
15872	181328	100.000000	4.574219
16128	182545	100.000000	4.753906
16384	183784	100.000000	4.839844
16640	185117	99.609375	4.835294
16896	186462	99.609375	4.882353
17152	187704	100.000000	4.851563
17408	188957	100.000000	4.894531
17664	190169	100.000000	4.734375
17920	191571	99.609375	5.105882
18176	192783	100.000000	4.734375
18432	193958	100.000000	4.589844
18688	195193	100.000000	4.824219
18944	196421	100.000000	4.796875
19200	197582	100.000000	4.535156
19456	198811	100.000000	4.800781
19712	200083	100.000000	4.968750
19968	201336	100.000000	4.894531
20224	202523	100.000000	4.636719
20480	203798	100.000000	4.980469
20736	204987	100.000000	4.644531
20992	206254	100.000000	4.949219
21248	207490	100.000000	4.828125
21504	208788	100.000000	5.070313
21760	210012	100.000000	4.781250
22016	211235	100.000000	4.777344
22272	212488	100.000000	4.894531
22528	213700	100.000000	4.734375
22784	214909	100.000000	4.722656
23040	216197	100.000000	5.031250
23296	217423	100.000000	4.789063
23552	218759	99.609375	4.847059
23808	220080	99.609375	4.788235
24064	221271	100.000000	4.652344
24320	222544	100.000000	4.972656
24576	223741	100.000000	4.675781
24832	224949	100.000000	4.718750
25088	226238	100.000000	5.035156
25344	227449	100.000000	4.730469
25600	228830	99.609375	5.023529
25856	230058	100.000000	4.796875
26112	231298	100.000000	4.843750
26368	232663	99.609375	4.960784
26624	233884	100.000000	4.769531
26880	235107	100.000000	4.777344
27136	236382	100.000000	4.980469
27392	237586	100.000000	4.703125
27648	238774	100.000000	4.640625
27904	239980	100.000000	4.710938
28160	241198	100.000000	4.757813
28416	242442	100.000000	4.859375
28672	243704	100.000000	4.929688
28928	244934	100.000000	4.804688
29184	246126	100.000000	4.656250
29440	247354	100.000000	4.796875
29696	248614	100.000000	4.921875
29952	249798	100.000000	4.625000
30208	251052	100.000000	4.898438
30464	252281	100.000000	4.800781
30720	253523	100.000000	4.851563
30976	254760	100.000000	4.832031
31232	256051	100.000000	5.042969
31488	257329	100.000000	4.992188
31744	258568	100.000000	4.839844
32000	259773	100.000000	4.707031
32256	260995	100.000000	4.773438
32512	262266	100.000000	4.964844
32768	263515	100.000000	4.878906
33024	264795	99.609375	4.627451
33280	266037	100.000000	4.851563
33536	267261	100.000000	4.781250
33792	268493	100.000000	4.812500
34048	269710	100.000000	4.753906
34304	270925	100.000000	4.746094
34560	272155	100.000000	4.804688
34816	273376	100.000000	4.769531
35072	274588	100.000000	4.734375
35328	275810	100.000000	4.773438
35584	277030	100.000000	4.765625
35840	278234	100.000000	4.703125
36096	279453	100.000000	4.761719
36352	280787	100.000000	5.210938
36608	282014	100.000000	4.792969
36864	283240	100.000000	4.789063
37120	284404	100.000000	4.546875
37376	285640	100.000000	4.828125
37632	286844	100.000000	4.703125
37888	288011	100.000000	4.558594
38144	289233	100.000000	4.773438
38400	290477	100.000000	4.859375
38656	291689	100.000000	4.734375
38912	292973	100.000000	5.015625
39168	294144	100.000000	4.574219
39424	295487	99.609375	4.874510
39680	296730	100.000000	4.855469
39936	297943	100.000000	4.738281
40192	299131	100.000000	4.640625
40448	300309	100.000000	4.601563
40704	301559	100.000000	4.882813
40960	302785	100.000000	4.789063
41216	304034	100.000000	4.878906
41472	305265	100.000000	4.808594
41728	306495	100.000000	4.804688
41984	307750	100.000000	4.902344
42240	308978	100.000000	4.796875
42496	310210	100.000000	4.812500
42752	311416	100.000000	4.710938
43008	312605	100.000000	4.644531
43264	313863	100.000000	4.914063
43520	315036	100.000000	4.582031
43776	316277	100.000000	4.847656
44032	317490	100.000000	4.738281
44288	318742	100.000000	4.890625
44544	320087	99.609375	4.882353
44800	321325	100.000000	4.835938
45056	322588	100.000000	4.933594
45312	323820	100.000000	4.812500
45568	325058	100.000000	4.835938
45824	326196	100.000000	4.445313
46080	327375	100.000000	4.605469
46336	328624	100.000000	4.878906
46592	329885	100.000000	4.925781
46848	331101	100.000000	4.750000
47104	332409	100.000000	5.109375
47360	333658	100.000000	4.878906
47616	334857	100.000000	4.683594
47872	336099	100.000000	4.851563
48128	337337	100.000000	4.835938
48384	338595	100.000000	4.914063
48640	339796	100.000000	4.691406
48896	341024	100.000000	4.796875
49152	342267	100.000000	4.855469
49408	343535	100.000000	4.953125
49664	344829	100.000000	5.054688
49920	345979	100.000000	4.492188
50176	347225	100.000000	4.867188
50432	348397	100.000000	4.578125
50688	349683	99.609375	4.650980
50944	350879	100.000000	4.671875
51200	352123	100.000000	4.859375
51456	353362	100.000000	4.839844
51712	354689	99.609375	4.811765
51968	355948	100.000000	4.917969
52224	357185	100.000000	4.832031
52480	358475	100.000000	5.039063
52736	359773	100.000000	5.070313
52992	361046	100.000000	4.972656
53248	362247	100.000000	4.691406
53504	363476	100.000000	4.800781
53760	364710	100.000000	4.820313
54016	365937	100.000000	4.792969
54272	367154	100.000000	4.753906
54528	368428	100.000000	4.976563
54784	369666	100.000000	4.835938
55040	370914	100.000000	4.875000
55296	372252	99.609375	4.854902
55552	373498	100.000000	4.867188
55808	374735	100.000000	4.832031
56064	375931	100.000000	4.671875
56320	377227	99.609375	4.690196
56576	378455	100.000000	4.796875
56832	379610	100.000000	4.511719
57088	380852	100.000000	4.851563
57344	382066	100.000000	4.742188
57600	383210	100.000000	4.468750
57856	384423	100.000000	4.738281
58112	385641	100.000000	4.757813
58368	386814	100.000000	4.582031
58624	388075	100.000000	4.925781
58880	389429	99.609375	4.917647
59136	390602	100.000000	4.582031
59392	391822	100.000000	4.765625
59648	393043	100.000000	4.769531
59904	394244	100.000000	4.691406
60160	395519	100.000000	4.980469
60416	396755	100.000000	4.828125
60672	397975	100.000000	4.765625
60928	399197	100.000000	4.773438
61184	400382	100.000000	4.628906
61440	401617	100.000000	4.824219
61696	402841	100.000000	4.781250
61952	404066	100.000000	4.785156
62208	405327	100.000000	4.925781
62464	406622	100.000000	5.058594
62720	407851	100.000000	4.800781
62976	409054	100.000000	4.699219
63232	410256	100.000000	4.695313
63488	411617	99.609375	4.945098
63744	412872	100.000000	4.902344
64000	414130	100.000000	4.914063
64256	415349	100.000000	4.761719
64512	416588	100.000000	4.839844
64768	417785	100.000000	4.675781
65024	419116	99.609375	4.827451
65280	420323	100.000000	4.714844
65536	421562	100.000000	4.839844
65792	422801	100.000000	4.839844
66048	424011	100.000000	4.726563
66304	425251	100.000000	4.843750
66560	426421	100.000000	4.570313
66816	427645	100.000000	4.781250
67072	428816	100.000000	4.574219
67328	430033	100.000000	4.753906
67584	431277	100.000000	4.859375
67840	432488	100.000000	4.730469
68096	433721	100.000000	4.816406
68352	434943	100.000000	4.773438
68608	436124	100.000000	4.613281
68864	437393	100.000000	4.957031
69120	438676	100.000000	5.011719
69376	439921	100.000000	4.863281
69632	441112	100.000000	4.652344
69888	442404	99.609375	4.674510
70144	443637	100.000000	4.816406
70400	444849	100.000000	4.734375
70656	446101	100.000000	4.890625
70912	447352	100.000000	4.886719
71168	448577	100.000000	4.785156
71424	449740	100.000000	4.542969
71680	450966	100.000000	4.789063
71936	452200	100.000000	4.820313
72192	453422	100.000000	4.773438
72448	454635	100.000000	4.738281
72704	455835	100.000000	4.687500
72960	457108	100.000000	4.972656
73216	458345	100.000000	4.832031
73472	459609	100.000000	4.937500
73728	460798	100.000000	4.644531
73984	462032	100.000000	4.820313
74240	463292	100.000000	4.921875
74496	464635	99.609375	4.874510
74752	465894	100.000000	4.917969
75008	467178	100.000000	5.015625
75264	468367	100.000000	4.644531
75520	469592	100.000000	4.785156
75776	470788	100.000000	4.671875
76032	471999	100.000000	4.730469
76288	473192	100.000000	4.660156
76544	474418	100.000000	4.789063
76800	475639	100.000000	4.769531
77056	476842	100.000000	4.699219
77312	478100	100.000000	4.914063
77568	479340	100.000000	4.843750
77824	480604	100.000000	4.937500
78080	481834	100.000000	4.804688
78336	483022	100.000000	4.640625
78592	484326	99.609375	4.721569
78848	485608	99.609375	4.635294
79104	486993	99.609375	5.039216
79360	488243	100.000000	4.882813
79616	489388	100.000000	4.472656
79872	490642	99.609375	4.525490
80128	491897	100.000000	4.902344
80384	493144	100.000000	4.871094
80640	494336	100.000000	4.656250
80896	495551	100.000000	4.746094
81152	496761	100.000000	4.726563
81408	497970	100.000000	4.722656
81664	499220	100.000000	4.882813
81920	500419	100.000000	4.683594
82176	501685	100.000000	4.945313
82432	502931	100.000000	4.867188
82688	504106	100.000000	4.589844
82944	505358	100.000000	4.890625
83200	506585	100.000000	4.792969
83456	507758	100.000000	4.582031
83712	508965	100.000000	4.714844
83968	510200	100.000000	4.824219
84224	511503	99.609375	4.717647
84480	512751	100.000000	4.875000
84736	513944	100.000000	4.660156
84992	515232	100.000000	5.031250
85248	516507	100.000000	4.980469
85504	517759	100.000000	4.890625
85760	518938	100.000000	4.605469
86016	520203	100.000000	4.941406
86272	521411	100.000000	4.718750
86528	522672	100.000000	4.925781
86784	523893	100.000000	4.769531
87040	525128	100.000000	4.824219
87296	526367	100.000000	4.839844
87552	527648	100.000000	5.003906
87808	528880	100.000000	4.812500
88064	530037	100.000000	4.519531
88320	531251	100.000000	4.742188
88576	532549	100.000000	5.070313
88832	533808	100.000000	4.917969
89088	535049	100.000000	4.847656
89344	536288	100.000000	4.839844
89600	537535	100.000000	4.871094
89856	538716	100.000000	4.613281
90112	539951	100.000000	4.824219
90368	541239	100.000000	5.031250
90624	542510	100.000000	4.964844
90880	543761	100.000000	4.886719
91136	544951	100.000000	4.648438
91392	546270	99.609375	4.780392
91648	547459	100.000000	4.644531
91904	548701	100.000000	4.851563
92160	549944	100.000000	4.855469
92416	551165	100.000000	4.769531
92672	552375	100.000000	4.726563
92928	553613	100.000000	4.835938
93184	554794	100.000000	4.613281
93440	556013	100.000000	4.761719
93696	557231	100.000000	4.757813
93952	558440	100.000000	4.722656
94208	559619	100.000000	4.605469
94464	560810	100.000000	4.652344
94720	561971	100.000000	4.535156
94976	563167	100.000000	4.671875
95232	564392	100.000000	4.785156
95488	565713	99.609375	4.788235
95744	566969	100.000000	4.906250
96000	568212	100.000000	4.855469
96256	569407	100.000000	4.667969
96512	570603	100.000000	4.671875
96768	571805	100.000000	4.695313
97024	573011	100.000000	4.710938
97280	574269	100.000000	4.914063
97536	575512	100.000000	4.855469
97792	576745	100.000000	4.816406
98048	577970	100.000000	4.785156
98304	579222	100.000000	4.890625
98560	580472	100.000000	4.882813
98816	581677	100.000000	4.707031
99072	582902	100.000000	4.785156
99328	584157	100.000000	4.902344
99584	585378	100.000000	4.769531
99840	586575	100.000000	4.675781
100096	587813	100.000000	4.835938
100352	588997	100.000000	4.625000
100608	590224	100.000000	4.792969
100864	591452	100.000000	4.796875
101120	592679	100.000000	4.792969
101376	593915	100.000000	4.828125
101632	595163	100.000000	4.875000
101888	596372	100.000000	4.722656
102144	597607	100.000000	4.824219
102400	598784	100.000000	4.597656
102656	599993	100.000000	4.722656
102912	601173	100.000000	4.609375
103168	602378	100.000000	4.707031
103424	603619	100.000000	4.847656
103680	604822	100.000000	4.699219
103936	606052	100.000000	4.804688
104192	607234	100.000000	4.617188
104448	608401	100.000000	4.558594
104704	609626	100.000000	4.785156
104960	610824	100.000000	4.679688
105216	612037	100.000000	4.738281
105472	613227	100.000000	4.648438
105728	614421	100.000000	4.664063
105984	615605	100.000000	4.625000
106240	616789	100.000000	4.625000
106496	617996	100.000000	4.714844
106752	619253	100.000000	4.910156
107008	620506	100.000000	4.894531
107264	621756	100.000000	4.882813
107520	623022	100.000000	4.945313
107776	624153	100.000000	4.417969
108032	625340	100.000000	4.636719
108288	626498	100.000000	4.523438
108544	627675	100.000000	4.597656
108800	628908	100.000000	4.816406
109056	630124	100.000000	4.750000
109312	631369	100.000000	4.863281
109568	632578	100.000000	4.722656
109824	633788	100.000000	4.726563
110080	634940	100.000000	4.500000
110336	636208	100.000000	4.953125
110592	637436	100.000000	4.796875
110848	638615	100.000000	4.605469
111104	639833	100.000000	4.757813
111360	641054	100.000000	4.769531
111616	642313	100.000000	4.917969
111872	643560	100.000000	4.871094
112128	644738	100.000000	4.601563
112384	645898	100.000000	4.531250
112640	647108	100.000000	4.726563
112896	648369	100.000000	4.925781
113152	649721	99.609375	4.909804
113408	650996	100.000000	4.980469
113664	652220	100.000000	4.781250
113920	653435	100.000000	4.746094
114176	654708	100.000000	4.972656
114432	655956	100.000000	4.875000
114688	657185	100.000000	4.800781
114944	658438	100.000000	4.894531
115200	659654	100.000000	4.750000
115456	660869	100.000000	4.746094
115712	662122	100.000000	4.894531
115968	663359	100.000000	4.832031
116224	664609	100.000000	4.882813
116480	665886	99.609375	4.615686
116736	667113	100.000000	4.792969
116992	668269	100.000000	4.515625
117248	669471	100.000000	4.695313
117504	670704	100.000000	4.816406
117760	671922	100.000000	4.757813
118016	673107	100.000000	4.628906
118272	674334	100.000000	4.792969
118528	675538	100.000000	4.703125
118784	676781	100.000000	4.855469
119040	678035	100.000000	4.898438
119296	679248	100.000000	4.738281
119552	680491	100.000000	4.855469
119808	681676	100.000000	4.628906
120064	682888	100.000000	4.734375
120320	684127	100.000000	4.839844
120576	685341	100.000000	4.742188
120832	686623	100.000000	5.007813
121088	687822	100.000000	4.683594
121344	689059	100.000000	4.832031
121600	690253	100.000000	4.664063
121856	691475	100.000000	4.773438
122112	692747	100.000000	4.968750
122368	693950	100.000000	4.699219
122624	695170	100.000000	4.765625
122880	696423	100.000000	4.894531
123136	697642	100.000000	4.761719
123392	698854	100.000000	4.734375
123648	700070	100.000000	4.750000
123904	701295	100.000000	4.785156
124160	702490	100.000000	4.667969
124416	703723	100.000000	4.816406
124672	704982	100.000000	4.917969
124928	706256	100.000000	4.976563
125184	707460	100.000000	4.703125
125440	708664	100.000000	4.703125
125696	709912	100.000000	4.875000
125952	711232	99.609375	4.784314
126208	712425	100.000000	4.660156
126464	713595	100.000000	4.570313
126720	714795	100.000000	4.687500
126976	716006	100.000000	4.730469
127232	717248	100.000000	4.851563
127488	718430	100.000000	4.617188
127744	719661	100.000000	4.808594
128000	720877	100.000000	4.750000
128256	722107	100.000000	4.804688
128512	723271	100.000000	4.546875
128768	724498	100.000000	4.792969
129024	725703	100.000000	4.707031
129280	726895	100.000000	4.656250
129536	728155	100.000000	4.921875
129792	729372	100.000000	4.753906
130048	730624	100.000000	4.890625
130304	731868	100.000000	4.859375
130560	733122	100.000000	4.898438
130816	734371	100.000000	4.878906
131072	735574	100.000000	4.699219
131328	736822	100.000000	4.875000
131584	738041	100.000000	4.761719
131840	739294	100.000000	4.894531
132096	740458	100.000000	4.546875
132352	741678	100.000000	4.765625
132608	742842	100.000000	4.546875
132864	744053	100.000000	4.730469
133120	745250	100.000000	4.675781
133376	746469	100.000000	4.761719
133632	747727	100.000000	4.914063
133888	748964	100.000000	4.832031
134144	750171	100.000000	4.714844
134400	751483	99.609375	4.752941
134656	752675	100.000000	4.656250
134912	753937	100.000000	4.929688
135168	755178	100.000000	4.847656
135424	756441	100.000000	4.933594
135680	757656	100.000000	4.746094
135936	758864	100.000000	4.718750
136192	760126	100.000000	4.929688
136448	761346	100.000000	4.765625
136704	762616	100.000000	4.960938
136960	763878	100.000000	4.929688
137216	765046	100.000000	4.562500
137472	766281	100.000000	4.824219
137728	767485	100.000000	4.703125
137984	768714	100.000000	4.800781
138240	769878	100.000000	4.546875
138496	771110	100.000000	4.812500
138752	772288	100.000000	4.601563
139008	773446	100.000000	4.523438
139264	774611	100.000000	4.550781
139520	775855	100.000000	4.859375
139776	777114	100.000000	4.917969
140032	778330	100.000000	4.750000
140288	779558	100.000000	4.796875
140544	780731	100.000000	4.582031
140800	781957	100.000000	4.789063
141056	783199	100.000000	4.851563
141312	784387	100.000000	4.640625
141568	785624	100.000000	4.832031
141824	786808	100.000000	4.625000
142080	787977	100.000000	4.566406
142336	789223	100.000000	4.867188
142592	790455	100.000000	4.812500
142848	791672	100.000000	4.753906
143104	792873	100.000000	4.691406
143360	794138	100.000000	4.941406
143616	795332	100.000000	4.664063
143872	796588	100.000000	4.906250
144128	797802	100.000000	4.742188
144384	799022	100.000000	4.765625
144640	800236	100.000000	4.742188
144896	801462	100.000000	4.789063
145152	802665	100.000000	4.699219
145408	803862	100.000000	4.675781
145664	805127	100.000000	4.941406
145920	806325	100.000000	4.679688
146176	807512	100.000000	4.636719
146432	808768	100.000000	4.906250
146688	810014	100.000000	4.867188
146944	811242	100.000000	4.796875
147200	812451	100.000000	4.722656
147456	813630	100.000000	4.605469
147712	814893	100.000000	4.933594
147968	816139	100.000000	4.867188
148224	817348	100.000000	4.722656
148480	818556	100.000000	4.718750
148736	819744	100.000000	4.640625
148992	820926	100.000000	4.617188
149248	822155	100.000000	4.800781
149504	823401	100.000000	4.867188
149760	824556	100.000000	4.511719
150016	825772	100.000000	4.750000
150272	827008	100.000000	4.828125
150528	828164	100.000000	4.515625
150784	829355	100.000000	4.652344
151040	830557	100.000000	4.695313
151296	831783	100.000000	4.789063
151552	833059	100.000000	4.984375
151808	834316	100.000000	4.910156
152064	835557	100.000000	4.847656
152320	836738	100.000000	4.613281
152576	837988	100.000000	4.882813
152832	839195	100.000000	4.714844
153088	840408	100.000000	4.738281
153344	841619	100.000000	4.730469
153600	842866	100.000000	4.871094
153856	844069	100.000000	4.699219
154112	845247	100.000000	4.601563
154368	846443	100.000000	4.671875
154624	847631	100.000000	4.640625
154880	848845	100.000000	4.742188
155136	850084	100.000000	4.839844
155392	851307	100.000000	4.777344
155648	852503	100.000000	4.671875
155904	853767	100.000000	4.937500
156160	854960	100.000000	4.660156
156416	856161	100.000000	4.691406
156672	857377	100.000000	4.750000
156928	858647	100.000000	4.960938
157184	859851	100.000000	4.703125
157440	861052	100.000000	4.691406
157696	862282	100.000000	4.804688
157952	863482	100.000000	4.687500
158208	864633	100.000000	4.496094
158464	865841	100.000000	4.718750
158720	867084	100.000000	4.855469
158976	868317	100.000000	4.816406
159232	869513	100.000000	4.671875
159488	870757	100.000000	4.859375
159744	871950	100.000000	4.660156
160000	873169	100.000000	4.761719
160256	874353	100.000000	4.625000
160512	875521	100.000000	4.562500
160768	876792	100.000000	4.964844
161024	877988	100.000000	4.671875
161280	879177	100.000000	4.644531
161536	880452	100.000000	4.980469
161792	881693	100.000000	4.847656
162048	882891	100.000000	4.679688
162304	884070	100.000000	4.605469
162560	885262	100.000000	4.656250
162816	886448	100.000000	4.632813
163072	887650	100.000000	4.695313
163328	888828	100.000000	4.601563
163584	890047	100.000000	4.761719
163840	891271	100.000000	4.781250
164096	892487	100.000000	4.750000
164352	893698	100.000000	4.730469
164608	894911	100.000000	4.738281
164864	896122	100.000000	4.730469
165120	897359	100.000000	4.832031
165376	898629	100.000000	4.960938
165632	899905	100.000000	4.984375
165888	901153	100.000000	4.875000
166144	902394	100.000000	4.847656
166400	903597	100.000000	4.699219
166656	904797	100.000000	4.687500
166912	905987	100.000000	4.648438
167168	907295	100.000000	5.109375
167424	908495	100.000000	4.687500
167680	909666	100.000000	4.574219
167936	910878	100.000000	4.734375
168192	912122	100.000000	4.859375
168448	913443	99.609375	4.788235
168704	914659	100.000000	4.750000
168960	915791	100.000000	4.421875
169216	917025	100.000000	4.820313
169472	918276	100.000000	4.886719
169728	919477	100.000000	4.691406
169984	920681	100.000000	4.703125
170240	921933	100.000000	4.890625
170496	923159	100.000000	4.789063
170752	924383	100.000000	4.781250
171008	925641	100.000000	4.914063
171264	926839	100.000000	4.679688
171520	928085	100.000000	4.867188
171776	929320	100.000000	4.824219
172032	930595	100.000000	4.980469
172288	931831	100.000000	4.828125
172544	933070	100.000000	4.839844
172800	934291	100.000000	4.769531
173056	935476	100.000000	4.628906
173312	936702	100.000000	4.789063
173568	937897	100.000000	4.667969
173824	939094	100.000000	4.675781
174080	940312	100.000000	4.757813
174336	941538	100.000000	4.789063
174592	942771	100.000000	4.816406
174848	943992	100.000000	4.769531
175104	945238	100.000000	4.867188
175360	946416	100.000000	4.601563
175616	947611	100.000000	4.667969
175872	948850	100.000000	4.839844
176128	950082	100.000000	4.812500
176384	951315	100.000000	4.816406
176640	952532	100.000000	4.753906
176896	953762	100.000000	4.804688
177152	954951	100.000000	4.644531
177408	956192	100.000000	4.847656
177664	957439	100.000000	4.871094
177920	958624	100.000000	4.628906
178176	959861	100.000000	4.832031
178432	961042	100.000000	4.613281
178688	962244	100.000000	4.695313
178944	963475	100.000000	4.808594
179200	964683	100.000000	4.718750
179456	965895	100.000000	4.734375
179712	967088	100.000000	4.660156
179968	968280	100.000000	4.656250
180224	969530	100.000000	4.882813
180480	970742	100.000000	4.734375
180736	972000	100.000000	4.914063
180992	973248	100.000000	4.875000
181248	974460	100.000000	4.734375
181504	975694	100.000000	4.820313
181760	976954	100.000000	4.921875
182016	978173	100.000000	4.761719
182272	979404	100.000000	4.808594
182528	980599	100.000000	4.667969
182784	981839	100.000000	4.843750
183040	983085	100.000000	4.867188
183296	984302	100.000000	4.753906
183552	985543	100.000000	4.847656
183808	986729	100.000000	4.632813
184064	987957	100.000000	4.796875
184320	989167	100.000000	4.726563
184576	990389	100.000000	4.773438
184832	991646	100.000000	4.910156
185088	992889	100.000000	4.855469
185344	994117	100.000000	4.796875
185600	995348	100.000000	4.808594
185856	996587	100.000000	4.839844
186112	997760	100.000000	4.582031
186368	998975	100.000000	4.746094
186624	1000186	100.000000	4.730469
186880	1001408	100.000000	4.773438
187136	1002678	100.000000	4.960938
187392	1003912	100.000000	4.820313
187648	1005162	100.000000	4.882813
187904	1006343	100.000000	4.613281
188160	1007633	100.000000	5.039063
188416	1008848	100.000000	4.746094
188672	1010095	100.000000	4.871094
188928	1011285	100.000000	4.648438
189184	1012522	100.000000	4.832031
189440	1013769	100.000000	4.871094
189696	1014935	100.000000	4.554688
189952	1016142	100.000000	4.714844
190208	1017379	100.000000	4.832031
190464	1018607	100.000000	4.796875
190720	1019864	100.000000	4.910156
190976	1021037	100.000000	4.582031
191232	1022274	100.000000	4.832031
191488	1023517	100.000000	4.855469
191744	1024697	100.000000	4.609375
192000	1025958	100.000000	4.925781
192256	1027153	100.000000	4.667969
192512	1028348	100.000000	4.667969
192768	1029592	100.000000	4.859375
193024	1030866	100.000000	4.976563
193280	1032217	99.609375	4.905882
193536	1033390	100.000000	4.582031
193792	1034582	100.000000	4.656250
194048	1035847	100.000000	4.941406
194304	1037073	100.000000	4.789063
194560	1038271	100.000000	4.679688
194816	1039437	100.000000	4.554688
195072	1040601	100.000000	4.546875
195328	1041756	100.000000	4.511719
195584	1042927	100.000000	4.574219
195840	1044127	100.000000	4.687500
196096	1045387	100.000000	4.921875
196352	1046580	100.000000	4.660156
196608	1047812	100.000000	4.812500
196864	1049076	100.000000	4.937500
197120	1050313	100.000000	4.832031
197376	1051528	100.000000	4.746094
197632	1052744	100.000000	4.750000
197888	1053918	100.000000	4.585938
198144	1055078	100.000000	4.531250
198400	1056334	100.000000	4.906250
198656	1057519	100.000000	4.628906
198912	1058854	99.609375	4.843137
199168	1060033	100.000000	4.605469
199424	1061250	100.000000	4.753906
199680	1062481	100.000000	4.808594
199936	1063699	100.000000	4.757813
200192	1064957	100.000000	4.914063
200448	1066170	100.000000	4.738281
200704	1067376	100.000000	4.710938
200960	1068598	100.000000	4.773438
201216	1069771	100.000000	4.582031
201472	1070998	100.000000	4.792969
201728	1072253	100.000000	4.902344
201984	1073488	100.000000	4.824219
202240	1074693	100.000000	4.707031
202496	1075975	100.000000	5.007813
202752	1077160	100.000000	4.628906
203008	1078379	100.000000	4.761719
203264	1079548	100.000000	4.566406
203520	1080789	100.000000	4.847656
203776	1081965	100.000000	4.593750
204032	1083213	100.000000	4.875000
204288	1084420	100.000000	4.714844
204544	1085623	100.000000	4.699219
204800	1086827	100.000000	4.703125
205056	1088008	100.000000	4.613281
205312	1089283	100.000000	4.980469
205568	1090550	100.000000	4.949219
205824	1091755	100.000000	4.707031
206080	1092990	100.000000	4.824219
206336	1094186	100.000000	4.671875
206592	1095440	100.000000	4.898438
206848	1096646	100.000000	4.710938
207104	1097859	100.000000	4.738281
207360	1099092	100.000000	4.816406
207616	1100365	100.000000	4.972656
207872	1101574	100.000000	4.722656
208128	1102835	100.000000	4.925781
208384	1104078	100.000000	4.855469
208640	1105261	100.000000	4.621094
208896	1106488	100.000000	4.792969
209152	1107676	100.000000	4.640625
209408	1108901	100.000000	4.785156
209664	1110140	100.000000	4.839844
209920	1111414	100.000000	4.976563
210176	1112650	100.000000	4.828125
210432	1113895	100.000000	4.863281
210688	1115122	100.000000	4.792969
210944	1116337	100.000000	4.746094
211200	1117577	100.000000	4.843750
211456	1118785	100.000000	4.718750
211712	1120124	99.609375	4.858824
211968	1121362	100.000000	4.835938
212224	1122623	100.000000	4.925781
212480	1123906	100.000000	5.011719
212736	1125129	100.000000	4.777344
212992	1126343	100.000000	4.742188
213248	1127519	100.000000	4.593750
213504	1128746	100.000000	4.792969
213760	1129916	100.000000	4.570313
214016	1131100	100.000000	4.625000
214272	1132323	100.000000	4.777344
214528	1133639	99.609375	4.768627
214784	1134912	100.000000	4.972656
215040	1136112	100.000000	4.687500
215296	1137293	100.000000	4.613281
215552	1138537	100.000000	4.859375
215808	1139756	100.000000	4.761719
216064	1140975	100.000000	4.761719
216320	1142186	100.000000	4.730469
216576	1143407	100.000000	4.769531
216832	1144679	100.000000	4.968750
217088	1145895	100.000000	4.750000
217344	1147141	100.000000	4.867188
217600	1148365	100.000000	4.781250
217856	1149601	100.000000	4.828125
218112	1150822	100.000000	4.769531
218368	1152047	100.000000	4.785156
218624	1153254	100.000000	4.714844
218880	1154487	100.000000	4.816406
219136	1155741	100.000000	4.898438
219392	1156989	100.000000	4.875000
219648	1158192	100.000000	4.699219
219904	1159418	100.000000	4.789063
220160	1160631	100.000000	4.738281
220416	1161872	100.000000	4.847656
220672	1163180	100.000000	5.109375
220928	1164362	100.000000	4.617188
221184	1165603	100.000000	4.847656
221440	1166782	100.000000	4.605469
221696	1168047	100.000000	4.941406
221952	1169256	100.000000	4.722656
222208	1170445	100.000000	4.644531
222464	1171699	100.000000	4.898438
222720	1172907	100.000000	4.718750
222976	1174103	100.000000	4.671875
223232	1175342	100.000000	4.839844
223488	1176578	100.000000	4.828125
223744	1177746	100.000000	4.562500
224000	1178981	100.000000	4.824219
224256	1180188	100.000000	4.714844
224512	1181409	100.000000	4.769531
224768	1182652	100.000000	4.855469
225024	1183892	100.000000	4.843750
225280	1185159	100.000000	4.949219
225536	1186409	100.000000	4.882813
225792	1187633	100.000000	4.781250
226048	1188859	100.000000	4.789063
226304	1190140	100.000000	5.003906
226560	1191385	100.000000	4.863281
226816	1192620	100.000000	4.824219
227072	1193834	100.000000	4.742188
227328	1195037	100.000000	4.699219
227584	1196246	100.000000	4.722656
227840	1197543	100.000000	5.066406
228096	1198734	100.000000	4.652344
228352	1199912	100.000000	4.601563
228608	1201150	100.000000	4.835938
228864	1202312	100.000000	4.539063
229120	1203505	100.000000	4.660156
229376	1204663	100.000000	4.523438
229632	1205935	100.000000	4.968750
229888	1207112	100.000000	4.597656
230144	1208305	100.000000	4.660156
230400	1209497	100.000000	4.656250
230656	1210701	100.000000	4.703125
230912	1211902	100.000000	4.691406
231168	1213063	100.000000	4.535156
231424	1214320	100.000000	4.910156
231680	1215523	100.000000	4.699219
231936	1216730	100.000000	4.714844
232192	1217985	100.000000	4.902344
232448	1219195	100.000000	4.726563
232704	1220422	100.000000	4.792969
232960	1221678	100.000000	4.906250
233216	1222915	100.000000	4.832031
233472	1224125	100.000000	4.726563
233728	1225295	100.000000	4.570313
233984	1226570	100.000000	4.980469
234240	1227772	100.000000	4.695313
234496	1229023	100.000000	4.886719
234752	1230258	100.000000	4.824219
235008	1231507	100.000000	4.878906
235264	1232728	100.000000	4.769531
235520	1233961	100.000000	4.816406
235776	1235193	100.000000	4.812500
236032	1236390	100.000000	4.675781
236288	1237574	100.000000	4.625000
236544	1238775	100.000000	4.691406
236800	1239998	100.000000	4.777344
237056	1241211	100.000000	4.738281
237312	1242396	100.000000	4.628906
237568	1243628	100.000000	4.812500
237824	1244865	100.000000	4.832031
238080	1246096	100.000000	4.808594
238336	1247344	100.000000	4.875000
238592	1248588	100.000000	4.859375
238848	1249812	100.000000	4.781250
239104	1251063	100.000000	4.886719
239360	1252290	100.000000	4.792969
239616	1253438	100.000000	4.484375
239872	1254634	100.000000	4.671875
240128	1255809	100.000000	4.589844
240384	1256974	100.000000	4.550781
240640	1258213	100.000000	4.839844
240896	1259401	100.000000	4.640625
241152	1260629	100.000000	4.796875
241408	1261825	100.000000	4.671875
241664	1263027	100.000000	4.695313
241920	1264195	100.000000	4.562500
242176	1265359	100.000000	4.546875
242432	1266667	100.000000	5.109375
242688	1267933	100.000000	4.945313
242944	1269139	100.000000	4.710938
243200	1270371	100.000000	4.812500
243456	1271542	100.000000	4.574219
243712	1272731	100.000000	4.644531
243968	1273989	100.000000	4.914063
244224	1275207	100.000000	4.757813
244480	1276438	100.000000	4.808594
244736	1277655	100.000000	4.753906
244992	1278886	100.000000	4.808594
245248	1280080	100.000000	4.664063
245504	1281332	100.000000	4.890625
245760	1282554	100.000000	4.773438
246016	1283765	100.000000	4.730469
246272	1284997	100.000000	4.812500
246528	1286227	100.000000	4.804688
246784	1287479	100.000000	4.890625
247040	1288657	100.000000	4.601563
247296	1289917	100.000000	4.921875
247552	1291101	100.000000	4.625000
247808	1292373	100.000000	4.968750
248064	1293517	100.000000	4.468750
248320	1294784	100.000000	4.949219
248576	1296048	100.000000	4.937500
248832	1297257	100.000000	4.722656
249088	1298443	100.000000	4.632813
249344	1299697	100.000000	4.898438
249600	1300894	100.000000	4.675781
249856	1302087	100.000000	4.660156
250112	1303317	100.000000	4.804688
250368	1304520	100.000000	4.699219
250624	1305722	100.000000	4.695313
250880	1307004	100.000000	5.007813
251136	1308192	100.000000	4.640625
251392	1309375	100.000000	4.621094
251648	1310558	100.000000	4.621094
251904	1311774	100.000000	4.750000
252160	1313006	100.000000	4.812500
252416	1314177	100.000000	4.574219
252672	1315451	100.000000	4.976563
252928	1316608	100.000000	4.519531
253184	1317854	100.000000	4.867188
253440	1319126	100.000000	4.968750
253696	1320340	100.000000	4.742188
253952	1321558	100.000000	4.757813
254208	1322714	100.000000	4.515625
254464	1323897	100.000000	4.621094
254720	1325121	100.000000	4.781250
254976	1326312	100.000000	4.652344
255232	1327518	100.000000	4.710938
255488	1328712	100.000000	4.664063
255744	1329950	100.000000	4.835938
256000	1331152	100.000000	4.695313
256256	1332315	100.000000	4.542969
256512	1333521	100.000000	4.710938
256768	1334735	100.000000	4.742188
257024	1335969	100.000000	4.820313
257280	1337168	100.000000	4.683594
257536	1338425	100.000000	4.910156
257792	1339615	100.000000	4.648438
258048	1340811	100.000000	4.671875
258304	1342057	100.000000	4.867188
258560	1343270	100.000000	4.738281
258816	1344427	100.000000	4.519531
259072	1345610	100.000000	4.621094
259328	1346833	100.000000	4.777344
259584	1348022	100.000000	4.644531
259840	1349211	100.000000	4.644531
260096	1350465	100.000000	4.898438
260352	1351686	100.000000	4.769531
260608	1352885	100.000000	4.683594
260864	1354114	100.000000	4.800781
261120	1355339	100.000000	4.785156
261376	1356583	100.000000	4.859375
261632	1357754	100.000000	4.574219
261888	1358960	100.000000	4.710938
262144	1360197	100.000000	4.832031
262400	1361480	100.000000	5.011719
262656	1362674	100.000000	4.664063
262912	1363889	100.000000	4.746094
263168	1365159	100.000000	4.960938
263424	1366301	100.000000	4.460938
263680	1367504	100.000000	4.699219
263936	1368664	100.000000	4.531250
264192	1369854	100.000000	4.648438
264448	1371083	100.000000	4.800781
264704	1372319	100.000000	4.828125
264960	1373568	100.000000	4.878906
265216	1374836	100.000000	4.953125
265472	1376074	100.000000	4.835938
265728	1377258	100.000000	4.625000
265984	1378511	100.000000	4.894531
266240	1379744	100.000000	4.816406
266496	1381003	100.000000	4.917969
266752	1382265	100.000000	4.929688
267008	1383473	100.000000	4.718750
267264	1384705	100.000000	4.812500
267520	1385934	100.000000	4.800781
267776	1387175	99.609375	4.474510
268032	1388418	100.000000	4.855469
268288	1389669	100.000000	4.886719
268544	1390884	100.000000	4.746094
268800	1392067	100.000000	4.621094
269056	1393311	100.000000	4.859375
269312	1394502	100.000000	4.652344
269568	1395685	100.000000	4.621094
269824	1396891	100.000000	4.710938
270080	1398118	100.000000	4.792969
270336	1399338	100.000000	4.765625
270592	1400531	100.000000	4.660156
270848	1401738	100.000000	4.714844
271104	1402956	100.000000	4.757813
271360	1404175	100.000000	4.761719
271616	1405358	100.000000	4.621094
271872	1406602	100.000000	4.859375
272128	1407832	100.000000	4.804688
272384	1409074	100.000000	4.851563
272640	1410255	100.000000	4.613281
272896	1411457	100.000000	4.695313
273152	1412659	100.000000	4.695313
273408	1413881	100.000000	4.773438
273664	1415101	100.000000	4.765625
273920	1416232	100.000000	4.417969
274176	1417459	100.000000	4.792969
274432	1418685	100.000000	4.789063
274688	1419913	100.000000	4.796875
274944	1421120	100.000000	4.714844
275200	1422313	100.000000	4.660156
275456	1423517	100.000000	4.703125
275712	1424751	100.000000	4.820313
275968	1426049	100.000000	5.070313
276224	1427264	100.000000	4.746094
276480	1428486	100.000000	4.773438
276736	1429726	100.000000	4.843750
276992	1430949	100.000000	4.777344
277248	1432207	100.000000	4.914063
277504	1433447	100.000000	4.843750
277760	1434735	100.000000	5.031250
278016	1435944	100.000000	4.722656
278272	1437135	100.000000	4.652344
278528	1438393	100.000000	4.914063
278784	1439585	100.000000	4.656250
279040	1440795	100.000000	4.726563
279296	1442013	100.000000	4.757813
279552	1443246	100.000000	4.816406
279808	1444512	100.000000	4.945313
280064	1445703	100.000000	4.652344
280320	1446930	100.000000	4.792969
280576	1448117	100.000000	4.636719
280832	1449348	100.000000	4.808594
281088	1450588	100.000000	4.843750
281344	1451804	100.000000	4.750000
281600	1453016	100.000000	4.734375
281856	1454239	100.000000	4.777344
282112	1455506	100.000000	4.949219
282368	1456756	100.000000	4.882813
282624	1457992	100.000000	4.828125
282880	1459242	100.000000	4.882813
283136	1460511	100.000000	4.957031
283392	1461734	100.000000	4.777344
283648	1462869	100.000000	4.433594
283904	1464081	100.000000	4.734375
284160	1465317	100.000000	4.828125
284416	1466516	100.000000	4.683594
284672	1467770	100.000000	4.898438
284928	1469045	100.000000	4.980469
285184	1470256	100.000000	4.730469
285440	1471478	100.000000	4.773438
285696	1472707	100.000000	4.800781
285952	1473919	100.000000	4.734375
286208	1475121	100.000000	4.695313
286464	1476369	100.000000	4.875000
286720	1477601	100.000000	4.812500
286976	1478775	100.000000	4.585938
287232	1480015	100.000000	4.843750
287488	1481197	100.000000	4.617188
287744	1482452	100.000000	4.902344
288000	1483644	100.000000	4.656250
288256	1484901	100.000000	4.910156
288512	1486099	100.000000	4.679688
288768	1487345	100.000000	4.867188
289024	1488532	100.000000	4.636719
289280	1489700	100.000000	4.562500
289536	1490925	100.000000	4.785156
289792	1492164	100.000000	4.839844
290048	1493403	100.000000	4.839844
290304	1494606	100.000000	4.699219
290560	1495838	100.000000	4.812500
290816	1497070	100.000000	4.812500
291072	1498275	100.000000	4.707031
291328	1499511	100.000000	4.828125
291584	1500681	100.000000	4.570313
291840	1501870	100.000000	4.644531
292096	1503101	100.000000	4.808594
292352	1504321	100.000000	4.765625
292608	1505537	100.000000	4.750000
292864	1506747	100.000000	4.726563
293120	1507959	100.000000	4.734375
293376	1509145	100.000000	4.632813
293632	1510291	100.000000	4.476563
293888	1511505	100.000000	4.742188
294144	1512712	100.000000	4.714844
294400	1513939	100.000000	4.792969
294656	1515144	100.000000	4.707031
294912	1516364	100.000000	4.765625
295168	1517572	100.000000	4.718750
295424	1518787	100.000000	4.746094
295680	1520023	100.000000	4.828125
295936	1521261	100.000000	4.835938
296192	1522467	100.000000	4.710938
296448	1523662	100.000000	4.667969
296704	1524898	100.000000	4.828125
296960	1526141	100.000000	4.855469
297216	1527326	100.000000	4.628906
297472	1528541	100.000000	4.746094
297728	1529738	100.000000	4.675781
297984	1530993	100.000000	4.902344
298240	1532193	100.000000	4.687500
298496	1533412	100.000000	4.761719
298752	1534594	100.000000	4.617188
299008	1535786	100.000000	4.656250
299264	1536958	100.000000	4.578125
299520	1538166	100.000000	4.718750
299776	1539413	100.000000	4.871094
300032	1540643	100.000000	4.804688
300288	1541828	100.000000	4.628906
300544	1543045	100.000000	4.753906
300800	1544238	100.000000	4.660156
301056	1545431	100.000000	4.660156
301312	1546619	100.000000	4.640625
301568	1547796	100.000000	4.597656
301824	1548952	100.000000	4.515625
302080	1550178	100.000000	4.789063
302336	1551363	100.000000	4.628906
302592	1552629	100.000000	4.945313
302848	1553831	100.000000	4.695313
303104	1555050	100.000000	4.761719
303360	1556286	100.000000	4.828125
303616	1557500	100.000000	4.742188
303872	1558722	100.000000	4.773438
304128	1559929	100.000000	4.714844
304384	1561163	100.000000	4.820313
304640	1562394	100.000000	4.808594
304896	1563613	100.000000	4.761719
305152	1564775	100.000000	4.539063
305408	1565988	100.000000	4.738281
305664	1567167	100.000000	4.605469
305920	1568397	100.000000	4.804688
306176	1569729	99.609375	4.831373
306432	1570936	100.000000	4.714844
306688	1572174	100.000000	4.835938
306944	1573375	100.000000	4.691406
307200	1574657	100.000000	5.007813
307456	1575839	100.000000	4.617188
307712	1577067	100.000000	4.796875
307968	1578353	100.000000	5.023438
308224	1579568	100.000000	4.746094
308480	1580767	100.000000	4.683594
308736	1581981	100.000000	4.742188
308992	1583276	100.000000	5.058594
309248	1584496	100.000000	4.765625
309504	1585736	100.000000	4.843750
309760	1586935	100.000000	4.683594
310016	1588142	100.000000	4.714844
310272	1589314	100.000000	4.578125
310528	1590569	100.000000	4.902344
310784	1591782	100.000000	4.738281
311040	1592999	100.000000	4.753906
311296	1594233	100.000000	4.820313
311552	1595382	100.000000	4.488281
311808	1596530	100.000000	4.484375
312064	1597749	100.000000	4.761719
312320	1598932	100.000000	4.621094
312576	1600179	100.000000	4.871094
312832	1601403	100.000000	4.781250
313088	1602610	100.000000	4.714844
313344	1603811	100.000000	4.691406
313600	1605022	100.000000	4.730469
313856	1606211	100.000000	4.644531
314112	1607425	100.000000	4.742188
314368	1608568	100.000000	4.464844
314624	1609807	100.000000	4.839844
314880	1611005	100.000000	4.679688
315136	1612218	100.000000	4.738281
315392	1613467	100.000000	4.878906
315648	1614758	100.000000	5.042969
315904	1615988	100.000000	4.804688
316160	1617245	100.000000	4.910156
316416	1618533	100.000000	5.031250
316672	1619785	100.000000	4.890625
316928	1620974	100.000000	4.644531
317184	1622139	100.000000	4.550781
317440	1623367	100.000000	4.796875
317696	1624584	100.000000	4.753906
317952	1625810	100.000000	4.789063
318208	1627068	100.000000	4.914063
318464	1628295	100.000000	4.792969
318720	1629507	100.000000	4.734375
318976	1630714	100.000000	4.714844
319232	1631881	100.000000	4.558594
319488	1633094	100.000000	4.738281
319744	1634270	100.000000	4.593750
320000	1635466	100.000000	4.671875
320256	1636672	100.000000	4.710938
320512	1637926	100.000000	4.898438
320768	1639134	100.000000	4.718750
321024	1640357	100.000000	4.777344
321280	1641576	100.000000	4.761719
321536	1642784	100.000000	4.718750
321792	1643976	100.000000	4.656250
322048	1645208	100.000000	4.812500
322304	1646502	100.000000	5.054688
322560	1647696	100.000000	4.664063
322816	1648881	100.000000	4.628906
323072	1650071	100.000000	4.648438
323328	1651297	100.000000	4.789063
323584	1652462	100.000000	4.550781
323840	1653660	100.000000	4.679688
324096	1654878	100.000000	4.757813
324352	1656013	100.000000	4.433594
324608	1657189	100.000000	4.593750
324864	1658365	100.000000	4.593750
325120	1659565	100.000000	4.687500
325376	1660719	100.000000	4.507813
325632	1661940	100.000000	4.769531
325888	1663166	100.000000	4.789063
326144	1664383	100.000000	4.753906
326400	1665560	100.000000	4.597656
326656	1666731	100.000000	4.574219
326912	1668038	100.000000	5.105469
327168	1669215	100.000000	4.597656
327424	1670441	100.000000	4.789063
327680	1671641	100.000000	4.687500
327936	1672875	100.000000	4.820313
328192	1674080	100.000000	4.707031
328448	1675320	100.000000	4.843750
328704	1676495	100.000000	4.589844
328960	1677727	100.000000	4.812500
329216	1678964	100.000000	4.832031
329472	1680159	100.000000	4.667969
329728	1681331	100.000000	4.578125
329984	1682534	100.000000	4.699219
330240	1683910	99.609375	5.003922
330496	1685114	100.000000	4.703125
330752	1686276	100.000000	4.539063
331008	1687497	100.000000	4.769531
331264	1688666	100.000000	4.566406
331520	1689860	100.000000	4.664063
331776	1691040	100.000000	4.609375
332032	1692253	100.000000	4.738281
332288	1693474	100.000000	4.769531
332544	1694669	100.000000	4.667969
332800	1695876	100.000000	4.714844
333056	1697089	100.000000	4.738281
333312	1698324	100.000000	4.824219
333568	1699540	100.000000	4.750000
333824	1700741	100.000000	4.691406
334080	1701954	100.000000	4.738281
334336	1703213	100.000000	4.917969
334592	1704422	100.000000	4.722656
334848	1705599	100.000000	4.597656
335104	1706821	100.000000	4.773438
335360	1708062	100.000000	4.847656
335616	1709312	100.000000	4.882813
335872	1710529	100.000000	4.753906
336128	1711682	100.000000	4.503906
336384	1712844	100.000000	4.539063
336640	1714070	100.000000	4.789063
336896	1715306	100.000000	4.828125
337152	1716638	99.609375	4.831373
