Quizzes	Answered	Precision
256	23753	9.375
512	47020	12.109375
768	69894	14.453125
1024	92058	16.796875
1280	113950	20.703125
1536	135512	21.484375
1792	156531	22.265625
2048	177573	22.265625
2304	197335	29.296875
2560	217335	27.734375
2816	237104	31.25
3072	256785	30.078125
3328	276823	29.6875
3584	295315	36.328125
3840	313016	39.0625
4096	331117	39.0625
4352	348584	42.578125
4608	366935	39.0625
4864	384234	41.015625
5120	401073	43.359375
5376	417842	44.140625
5632	433176	51.953125
5888	448750	52.34375
6144	464390	51.171875
6400	479787	51.953125
6656	495995	49.609375
6912	510839	51.5625
7168	526791	50
7424	542442	51.5625
7680	557382	53.515625
7936	571922	57.03125
8192	586600	55.859375
8448	601130	56.25
8704	614483	60.546875
8960	629216	55.078125
9216	642291	62.5
9472	655952	60.546875
9728	669306	62.5
9984	681952	63.28125
10240	695281	62.890625
10496	708879	60.546875
10752	720384	70.703125
11008	733081	66.015625
11264	746265	62.109375
11520	759139	61.71875
11776	771632	66.015625
12032	782721	70.703125
12288	793634	72.265625
12544	806084	68.359375
12800	817812	69.921875
13056	829629	69.140625
13312	840318	75.390625
13568	851967	71.484375
13824	862249	76.171875
14080	873172	73.828125
14336	883501	78.125
14592	894700	72.265625
14848	904818	77.734375
15104	915831	73.4375
15360	927029	73.046875
15616	938053	74.21875
15872	948103	76.953125
16128	957607	77.34375
16384	967717	76.171875
16640	977888	77.34375
16896	987248	82.421875
17152	997246	78.90625
17408	1006483	80.078125
17664	1016138	76.953125
17920	1024948	82.8125
18176	1034626	76.5625
18432	1043398	82.8125
18688	1053245	77.734375
18944	1063192	78.90625
19200	1073486	76.171875
19456	1081920	81.640625
19712	1090319	85.9375
19968	1099428	80.859375
20224	1108765	80.078125
20480	1116813	84.765625
20736	1125153	85.15625
20992	1133417	84.375
21248	1141859	82.03125
21504	1150090	83.203125
21760	1157993	87.5
22016	1167296	81.25
22272	1174919	85.9375
22528	1184005	81.25
22784	1192565	82.421875
23040	1199953	87.5
23296	1206799	88.28125
23552	1215079	84.765625
23808	1223496	82.421875
24064	1231356	85.15625
24320	1240341	84.375
24576	1247721	87.109375
24832	1255665	85.546875
25088	1262615	88.28125
25344	1269709	87.109375
25600	1277755	85.546875
25856	1286134	85.546875
26112	1293809	86.71875
26368	1301350	85.15625
26624	1308613	89.84375
26880	1316332	86.71875
27136	1324742	85.546875
27392	1331857	89.0625
27648	1339322	89.0625
27904	1346229	88.28125
28160	1353680	88.28125
28416	1360852	87.5
28672	1368892	84.765625
28928	1375855	88.671875
29184	1383265	87.109375
29440	1390639	86.328125
29696	1396771	91.796875
29952	1403854	88.28125
30208	1410814	91.40625
30464	1417591	89.453125
30720	1424498	89.453125
30976	1431831	89.0625
31232	1438518	91.015625
31488	1446217	86.328125
31744	1452614	92.1875
32000	1459223	91.40625
32256	1466363	87.890625
32512	1473600	88.28125
32768	1480862	89.0625
33024	1487570	89.453125
33280	1493801	92.1875
33536	1500325	89.84375
33792	1506521	92.578125
34048	1513211	89.84375
34304	1519240	91.796875
34560	1525164	92.1875
34816	1531402	92.1875
35072	1537306	93.75
35328	1542524	92.96875
35584	1548508	92.1875
35840	1555594	90.234375
36096	1561954	90.234375
36352	1567601	93.359375
36608	1573245	92.1875
36864	1579908	89.453125
37120	1585824	91.015625
37376	1591926	91.40625
37632	1597927	92.578125
37888	1603775	92.96875
38144	1609235	93.359375
38400	1615015	94.140625
38656	1620875	92.578125
38912	1627349	91.015625
39168	1633324	93.359375
39424	1638827	94.921875
39680	1644639	94.921875
39936	1650508	91.40625
40192	1656190	94.140625
40448	1662432	90.625
40704	1668620	91.015625
40960	1673385	96.875
41216	1678642	93.359375
41472	1684427	93.359375
41728	1689836	94.921875
41984	1696066	91.796875
42240	1701410	94.53125
42496	1706466	94.921875
42752	1711303	95.3125
43008	1717969	91.015625
43264	1723875	94.140625
43520	1728932	96.09375
43776	1734095	95.3125
44032	1738854	94.921875
44288	1744303	95.3125
44544	1750449	92.1875
44800	1755576	94.53125
45056	1760858	96.484375
45312	1765693	96.484375
45568	1771460	93.359375
45824	1777007	94.53125
46080	1782448	93.75
46336	1787764	94.140625
46592	1793295	93.75
46848	1798722	93.75
47104	1803608	95.3125
47360	1808732	94.921875
47616	1814276	94.140625
47872	1819377	96.09375
48128	1824552	94.140625
48384	1829507	94.921875
48640	1834655	94.921875
48896	1840658	93.359375
49152	1846078	93.359375
49408	1850665	96.484375
49664	1855902	96.09375
49920	1860656	96.875
50176	1865641	93.359375
50432	1870818	96.09375
50688	1876130	95.703125
50944	1881044	95.703125
51200	1886598	92.96875
51456	1891515	95.3125
51712	1896811	94.921875
51968	1901927	95.3125
52224	1907131	95.3125
52480	1911760	97.265625
52736	1916896	96.09375
52992	1922454	92.578125
53248	1927116	97.65625
53504	1931958	95.703125
53760	1936208	96.875
54016	1940615	96.484375
54272	1944822	96.09375
54528	1950001	95.703125
54784	1954493	95.703125
55040	1959762	92.96875
55296	1964117	98.4375
55552	1968935	96.09375
55808	1973661	97.65625
56064	1978383	96.09375
56320	1983169	94.53125
56576	1987463	98.046875
56832	1991492	98.4375
57088	1996656	96.09375
57344	2001476	96.484375
57600	2006620	96.09375
57856	2011239	97.65625
58112	2015558	97.265625
58368	2020124	96.484375
58624	2025082	96.484375
58880	2029862	96.09375
59136	2034396	96.09375
59392	2038209	98.046875
59648	2042488	96.484375
59904	2047265	95.703125
60160	2051125	98.4375
60416	2055553	97.265625
60672	2060472	95.703125
60928	2065257	95.703125
61184	2069448	97.265625
61440	2073932	96.484375
61696	2077962	98.828125
61952	2082112	97.265625
62208	2086601	96.484375
62464	2090924	98.046875
62720	2095515	97.265625
62976	2100397	96.09375
63232	2104932	97.265625
63488	2109019	97.265625
63744	2113071	97.65625
64000	2117243	97.265625
64256	2121834	98.046875
64512	2126246	96.484375
64768	2130810	97.265625
65024	2134518	98.4375
65280	2138828	98.046875
65536	2142638	98.046875
65792	2146684	98.4375
66048	2150536	97.265625
66304	2155252	94.921875
66560	2159302	97.265625
66816	2163421	98.046875
67072	2167516	98.4375
67328	2171172	98.046875
67584	2175784	98.046875
67840	2180042	98.046875
68096	2183834	98.4375
68352	2188187	96.875
68608	2192546	97.265625
68864	2196222	98.828125
69120	2200391	97.265625
69376	2204450	96.875
69632	2208748	97.65625
69888	2213045	98.828125
70144	2216644	98.828125
70400	2220086	98.4375
70656	2224046	98.828125
70912	2227926	98.046875
71168	2232338	96.484375
71424	2236588	98.4375
71680	2240456	98.046875
71936	2245190	96.09375
72192	2249340	96.875
72448	2253590	98.4375
72704	2257713	98.046875
72960	2262266	96.09375
73216	2265749	99.21875
73472	2269535	96.875
73728	2273554	97.65625
73984	2277759	96.875
74240	2282240	97.65625
74496	2285865	99.21875
74752	2289508	98.4375
75008	2293106	98.4375
75264	2296974	98.046875
75520	2300695	98.046875
75776	2304424	98.4375
76032	2308391	98.046875
76288	2312936	96.875
76544	2316965	97.265625
76800	2320927	98.4375
77056	2324592	97.265625
77312	2328048	99.609375
77568	2331927	96.875
77824	2335701	98.4375
78080	2339536	98.828125
78336	2343386	99.21875
78592	2347302	98.828125
78848	2351296	98.4375
79104	2355233	97.65625
79360	2358982	98.046875
79616	2363591	96.484375
79872	2367368	98.046875
80128	2371644	98.828125
80384	2375256	98.4375
80640	2378865	100
80896	2383188	97.265625
81152	2387367	98.046875
81408	2390795	99.21875
81664	2394656	98.828125
81920	2398404	98.046875
82176	2401908	98.046875
82432	2406047	97.65625
82688	2410045	98.4375
82944	2413913	98.046875
83200	2417369	99.21875
83456	2420885	98.828125
83712	2424964	97.65625
83968	2428978	99.21875
84224	2432018	98.828125
84480	2436245	97.265625
84736	2440186	98.4375
84992	2443704	98.4375
85248	2446923	98.828125
85504	2450610	98.046875
85760	2454535	99.21875
86016	2458782	97.265625
86272	2462767	97.65625
86528	2466462	98.828125
86784	2469956	98.4375
87040	2473806	98.4375
87296	2477361	98.828125
87552	2481091	99.21875
87808	2484786	98.828125
88064	2488358	99.21875
88320	2492005	98.046875
88576	2495907	98.4375
88832	2499460	99.21875
89088	2502632	98.828125
89344	2506445	98.4375
89600	2510291	98.046875
89856	2514026	98.046875
90112	2517390	98.4375
90368	2520922	98.4375
90624	2524131	100
90880	2527894	98.046875
91136	2531501	98.828125
91392	2534912	98.828125
91648	2538314	99.609375
91904	2542395	96.875
92160	2545578	99.609375
92416	2549435	98.4375
92672	2552983	98.828125
92928	2556373	99.609375
93184	2560175	98.828125
93440	2563318	98.828125
93696	2566767	98.828125
93952	2570385	97.65625
94208	2574119	98.828125
94464	2577788	98.046875
94720	2580976	99.609375
94976	2584691	99.21875
95232	2587793	99.609375
95488	2590904	100
95744	2594744	99.21875
96000	2598103	100
96256	2601487	98.4375
96512	2605372	98.828125
96768	2608487	99.21875
97024	2611893	98.828125
97280	2615394	98.828125
97536	2618796	98.4375
97792	2622354	98.828125
98048	2625715	98.828125
98304	2629286	98.828125
98560	2632780	98.828125
98816	2636132	98.828125
99072	2639540	98.4375
99328	2642949	98.828125
99584	2646544	98.046875
99840	2650288	98.4375
100096	2653585	99.21875
100352	2657179	99.21875
100608	2660547	100
100864	2664183	98.828125
101120	2667714	99.21875
101376	2671453	99.21875
101632	2674551	99.609375
101888	2678068	100
102144	2681276	99.21875
102400	2684672	98.828125
102656	2688174	98.828125
102912	2691714	98.4375
103168	2694971	99.609375
103424	2698402	98.4375
103680	2701760	100
103936	2705393	98.828125
104192	2708926	99.609375
104448	2712635	98.4375
104704	2716088	99.21875
104960	2719251	99.21875
105216	2722528	99.21875
105472	2726230	98.4375
105728	2729696	98.4375
105984	2732970	98.828125
106240	2735901	100
106496	2739194	98.4375
106752	2742401	99.21875
107008	2745831	99.21875
107264	2749449	99.609375
107520	2752770	99.609375
107776	2755842	99.609375
108032	2759593	98.828125
108288	2762687	99.609375
108544	2766149	98.046875
108800	2769366	99.21875
109056	2773024	98.828125
109312	2776419	99.21875
109568	2779896	100
109824	2783102	100
110080	2786021	99.609375
110336	2789377	98.828125
110592	2792555	99.21875
110848	2795454	99.21875
111104	2798718	99.609375
111360	2802423	98.4375
111616	2805623	99.609375
111872	2808638	99.609375
112128	2812024	99.21875
112384	2815153	99.609375
112640	2818666	99.21875
112896	2821797	99.609375
113152	2824686	100
113408	2828059	99.609375
113664	2831325	99.609375
113920	2835002	98.828125
114176	2838015	98.828125
114432	2841423	99.609375
114688	2844888	98.828125
114944	2847865	100
115200	2850933	99.609375
115456	2854102	99.609375
115712	2857584	99.609375
115968	2860884	100
116224	2864312	99.609375
116480	2867474	98.828125
116736	2870561	99.21875
116992	2873349	100
117248	2876610	98.4375
117504	2880125	98.4375
117760	2883676	98.828125
118016	2887090	98.828125
118272	2890536	99.609375
118528	2893736	100
118784	2896616	100
119040	2900025	99.609375
119296	2902957	100
119552	2906035	100
119808	2908944	99.609375
120064	2912007	99.609375
120320	2915015	99.609375
120576	2918000	99.609375
120832	2921014	99.609375
121088	2923825	99.609375
121344	2926958	99.609375
121600	2930134	100
121856	2933557	100
122112	2936323	100
122368	2940070	98.4375
122624	2943530	99.609375
122880	2947103	99.609375
123136	2950293	100
123392	2953631	98.828125
123648	2956995	99.609375
123904	2959864	100
124160	2962703	99.609375
124416	2965927	100
124672	2968998	99.609375
124928	2972214	98.828125
125184	2975583	99.609375
125440	2978712	99.609375
125696	2981583	99.21875
125952	2984938	99.21875
126208	2988263	100
126464	2991442	99.609375
126720	2994373	100
126976	2997796	99.21875
127232	3000768	99.609375
127488	3004094	99.609375
127744	3007083	99.609375
128000	3010541	98.828125
128256	3013500	99.609375
128512	3016690	99.609375
128768	3020081	99.609375
129024	3023546	99.21875
129280	3026250	99.609375
129536	3029535	100
129792	3032769	99.21875
130048	3035592	100
130304	3038692	99.609375
130560	3041916	98.828125
130816	3044796	100
131072	3047626	99.609375
131328	3050176	99.609375
131584	3053199	99.609375
131840	3056615	98.4375
132096	3059735	99.609375
132352	3062952	99.609375
132608	3065978	99.21875
132864	3069138	98.4375
133120	3072098	100
133376	3075231	99.609375
133632	3078111	99.609375
133888	3080689	100
134144	3083865	99.21875
134400	3086768	99.21875
134656	3089725	99.21875
134912	3092738	99.609375
135168	3095562	100
135424	3099050	98.828125
135680	3101816	100
135936	3104690	100
136192	3107815	99.609375
136448	3110827	99.609375
136704	3113993	100
136960	3117194	100
137216	3119801	99.609375
137472	3122532	100
137728	3125703	100
137984	3128701	100
138240	3131349	99.609375
138496	3134383	100
138752	3137402	99.609375
139008	3140393	100
139264	3143791	99.609375
139520	3147011	99.609375
139776	3150125	99.609375
140032	3153092	99.609375
140288	3155906	100
140544	3159144	100
140800	3162055	100
141056	3164879	99.609375
141312	3167790	100
141568	3170537	99.21875
141824	3173498	99.609375
142080	3176414	99.609375
142336	3179252	99.609375
142592	3182224	99.609375
142848	3185175	100
143104	3188132	99.609375
143360	3191118	99.609375
143616	3194037	99.609375
143872	3197078	100
144128	3200021	99.609375
144384	3202968	100
144640	3205561	100
144896	3208768	100
145152	3211438	100
145408	3214555	99.609375
145664	3217460	99.21875
145920	3220592	98.828125
146176	3223519	99.609375
146432	3226487	99.609375
146688	3229496	99.609375
146944	3232559	99.609375
147200	3235605	100
147456	3238555	100
147712	3241194	100
147968	3244268	99.609375
148224	3247342	99.609375
148480	3249981	100
148736	3253039	99.609375
148992	3255924	100
149248	3259065	100
149504	3262066	99.609375
149760	3264966	100
150016	3267808	99.609375
150272	3270504	100
150528	3273662	99.21875
150784	3276693	99.609375
151040	3279500	99.609375
151296	3282207	100
151552	3285125	99.609375
151808	3288329	100
152064	3291128	99.609375
152320	3294328	98.828125
152576	3296761	100
152832	3299914	100
153088	3302880	100
153344	3305759	100
153600	3308715	99.609375
153856	3311746	100
154112	3314623	100
154368	3317612	99.21875
154624	3320225	100
154880	3322770	100
155136	3325587	100
155392	3328325	100
155648	3331190	100
155904	3333996	100
156160	3336738	100
156416	3339194	100
156672	3342140	100
156928	3344777	100
157184	3347490	100
157440	3350194	100
157696	3353023	98.828125
157952	3355956	100
158208	3359011	99.609375
158464	3362091	99.609375
158720	3365068	100
158976	3367949	100
159232	3371046	100
159488	3373908	100
159744	3376693	100
160000	3379477	99.609375
160256	3382324	100
160512	3385580	100
160768	3388258	100
161024	3391103	100
161280	3393730	100
161536	3396719	99.609375
161792	3399574	100
162048	3402358	100
162304	3405172	100
162560	3407973	100
162816	3410866	100
163072	3413771	99.21875
163328	3416645	99.609375
163584	3419650	100
163840	3422409	99.609375
164096	3425376	100
164352	3428264	99.609375
164608	3431115	100
164864	3433792	100
165120	3436954	98.828125
165376	3439668	100
165632	3442434	100
165888	3444936	100
166144	3447880	100
166400	3450620	100
166656	3453605	98.828125
166912	3456675	99.21875
167168	3459351	100
167424	3462210	100
167680	3465219	100
167936	3468282	100
168192	3471472	100
168448	3474373	99.21875
168704	3477193	100
168960	3480035	100
169216	3482752	100
169472	3485610	100
169728	3488893	99.609375
169984	3491986	100
170240	3494753	100
170496	3497637	100
170752	3500194	100
171008	3503055	100
171264	3505848	100
171520	3508531	100
171776	3511407	99.21875
172032	3514342	100
172288	3517593	99.21875
172544	3520444	99.21875
172800	3523373	98.828125
173056	3526085	100
173312	3528934	100
173568	3531770	99.609375
173824	3534896	100
174080	3537845	99.609375
174336	3540714	99.609375
174592	3543326	100
174848	3546322	99.609375
175104	3548981	100
175360	3552210	99.21875
175616	3555268	99.21875
175872	3557965	99.609375
176128	3561074	99.609375
176384	3563830	99.609375
176640	3566799	100
176896	3569580	100
177152	3572445	100
177408	3575290	100
177664	3578224	100
177920	3581073	100
178176	3583826	100
178432	3586812	100
178688	3589668	100
178944	3592272	100
179200	3594918	100
179456	3597638	100
179712	3600444	98.828125
179968	3603158	99.609375
180224	3605940	100
180480	3608786	99.609375
180736	3611414	100
180992	3614089	100
181248	3616661	100
181504	3619363	99.609375
181760	3622007	100
182016	3624455	100
182272	3627031	100
182528	3629930	100
182784	3633047	99.609375
183040	3635888	100
183296	3638465	100
183552	3641416	99.21875
183808	3644044	100
184064	3646915	100
184320	3649831	100
184576	3652512	100
184832	3655382	99.609375
185088	3658135	100
185344	3661014	100
185600	3663870	100
185856	3666600	100
186112	3669113	100
186368	3672009	99.609375
186624	3674688	100
186880	3677512	100
187136	3680111	100
187392	3682846	100
187648	3685552	100
187904	3688325	99.609375
188160	3691021	100
188416	3693845	100
188672	3696669	100
188928	3699740	99.609375
189184	3702595	100
189440	3705486	100
189696	3708280	100
189952	3711109	100
190208	3713880	99.609375
190464	3716743	100
190720	3719557	100
190976	3722584	100
191232	3725160	100
191488	3728051	99.609375
191744	3730880	100
192000	3733767	100
192256	3736652	100
192512	3739291	100
192768	3741984	100
193024	3744760	99.609375
193280	3747895	99.609375
193536	3750819	100
193792	3753734	99.609375
194048	3756650	99.609375
194304	3759432	99.609375
194560	3762119	99.609375
194816	3764807	100
195072	3767422	100
195328	3770068	100
195584	3772916	100
195840	3775696	100
196096	3778340	100
196352	3780849	100
196608	3783683	100
196864	3786627	100
197120	3789534	100
197376	3792164	100
197632	3794831	100
197888	3797539	100
198144	3800353	100
198400	3803109	99.609375
198656	3805874	100
198912	3808561	100
199168	3811137	100
199424	3813621	100
199680	3816384	99.609375
199936	3819286	100
200192	3822028	100
200448	3824806	100
200704	3827982	100
200960	3830675	100
201216	3833316	100
201472	3835931	100
201728	3838546	100
201984	3841229	100
202240	3844103	100
202496	3846833	100
202752	3849438	100
203008	3852078	100
203264	3854442	100
203520	3857334	100
203776	3859884	100
204032	3862521	99.609375
204288	3865134	100
204544	3867994	100
204800	3870797	100
205056	3873470	100
205312	3876084	100
205568	3878976	100
205824	3881594	100
206080	3884470	99.609375
206336	3887325	99.21875
206592	3889976	100
206848	3892682	100
207104	3895148	100
207360	3898213	100
207616	3900905	100
207872	3903653	100
208128	3906157	100
208384	3908678	100
208640	3911613	99.609375
208896	3914456	99.609375
209152	3917085	100
209408	3919808	100
209664	3922352	100
209920	3925006	100
210176	3927464	100
210432	3930068	100
210688	3932781	99.609375
210944	3935634	100
211200	3938497	100
211456	3940915	100
211712	3943693	100
211968	3946650	100
212224	3949529	100
212480	3952247	100
212736	3954786	100
212992	3957483	100
213248	3960118	100
213504	3962971	100
213760	3965381	99.609375
214016	3967984	100
214272	3970975	99.609375
214528	3973717	100
214784	3976432	100
215040	3979352	100
215296	3981905	100
215552	3984533	100
215808	3986986	100
216064	3989448	100
216320	3992414	99.609375
216576	3995011	99.609375
216832	3997276	99.609375
217088	3999947	100
217344	4002607	100
217600	4005321	99.609375
217856	4007975	100
218112	4010499	100
218368	4013187	100
218624	4015992	100
218880	4018498	100
219136	4021555	98.828125
219392	4024402	100
219648	4026826	100
219904	4029638	100
220160	4032365	100
220416	4034963	100
220672	4037525	100
220928	4040387	100
221184	4043141	99.609375
221440	4045842	99.609375
221696	4048422	100
221952	4051131	100
222208	4053807	100
222464	4056330	100
222720	4059012	100
222976	4061584	100
223232	4064178	100
223488	4066954	100
223744	4069408	100
224000	4072155	100
224256	4074913	100
224512	4077481	100
224768	4080194	100
225024	4083030	100
225280	4085586	100
225536	4088147	100
225792	4091080	99.609375
226048	4093716	99.609375
226304	4096166	100
226560	4098755	100
226816	4101669	100
227072	4104351	100
227328	4107293	100
227584	4109887	100
227840	4112752	100
228096	4115258	100
228352	4118068	100
228608	4120795	100
228864	4123513	100
229120	4126296	100
229376	4129183	100
229632	4131975	100
229888	4134550	100
230144	4137366	100
230400	4139849	100
230656	4142500	100
230912	4145087	100
231168	4147547	100
231424	4150288	100
231680	4153113	100
231936	4155695	99.609375
232192	4158449	100
232448	4160999	100
232704	4163631	100
232960	4166159	100
233216	4168906	100
233472	4171852	99.609375
233728	4174596	100
233984	4177242	100
234240	4179922	100
234496	4182370	100
234752	4185154	100
235008	4187748	100
235264	4190176	100
235520	4192750	100
235776	4195422	100
236032	4198192	100
236288	4200725	100
236544	4203447	100
236800	4206117	100
237056	4208722	100
237312	4211305	100
237568	4213668	100
237824	4216321	100
238080	4218832	100
238336	4221347	100
238592	4223720	100
238848	4226424	100
239104	4229080	100
239360	4231640	100
239616	4234458	100
239872	4236789	100
240128	4239321	100
240384	4241972	100
240640	4244546	100
240896	4247063	99.609375
241152	4249445	100
241408	4251932	100
241664	4254662	100
241920	4257321	100
242176	4260035	100
242432	4262891	99.609375
242688	4265496	100
242944	4268175	100
243200	4270858	100
243456	4273646	100
243712	4276297	99.609375
243968	4279075	100
244224	4281892	100
244480	4284570	100
244736	4287209	100
244992	4289958	100
245248	4292608	100
245504	4295147	100
245760	4297810	100
246016	4300345	100
246272	4302949	100
246528	4305521	100
246784	4308207	100
247040	4310675	100
247296	4313485	100
247552	4316116	100
247808	4318648	100
248064	4321170	100
248320	4323458	100
248576	4325709	100
248832	4328297	100
249088	4330888	100
249344	4333283	100
249600	4335776	100
249856	4338298	100
250112	4340954	100
250368	4343447	100
250624	4346068	100
250880	4348640	100
251136	4351266	100
251392	4353929	100
251648	4356533	100
251904	4359188	100
252160	4361863	100
252416	4364405	100
252672	4366989	100
252928	4369373	100
253184	4371986	100
253440	4374535	100
253696	4377109	100
253952	4379447	100
254208	4382077	100
254464	4384707	100
254720	4387265	100
254976	4389934	100
255232	4392512	100
255488	4395290	100
255744	4397836	100
256000	4400674	100
256256	4403256	100
256512	4405932	100
256768	4408318	100
257024	4410902	100
257280	4413841	100
257536	4416523	100
257792	4419158	100
258048	4421793	100
258304	4424478	100
258560	4426898	100
258816	4429533	100
259072	4432026	100
259328	4434762	100
259584	4437405	100
259840	4439874	100
260096	4442595	100
260352	4444896	100
260608	4447436	100
260864	4449938	100
261120	4452677	100
261376	4455221	100
261632	4457780	100
261888	4460483	100
262144	4462918	100
262400	4465580	100
262656	4468225	100
262912	4471136	99.609375
263168	4473849	99.609375
263424	4476206	100
263680	4478730	100
263936	4481552	100
264192	4484089	100
264448	4486836	100
264704	4489378	100
264960	4491898	100
265216	4494523	99.609375
265472	4497201	100
265728	4499692	100
265984	4502089	100
266240	4504676	100
266496	4507283	100
266752	4509894	100
267008	4512569	100
267264	4515113	100
267520	4517494	100
267776	4520066	100
268032	4522601	100
268288	4525111	100
268544	4527728	100
268800	4530653	99.609375
269056	4533453	100
269312	4536112	100
269568	4538598	100
269824	4541206	100
270080	4543623	100
270336	4546218	100
270592	4548885	100
270848	4551401	100
271104	4553725	100
271360	4556205	100
271616	4558593	100
271872	4560960	100
272128	4563433	100
272384	4565868	100
272640	4568383	100
272896	4571191	100
273152	4573860	100
273408	4576498	100
273664	4579025	100
273920	4581672	100
274176	4584034	100
274432	4586431	100
274688	4588987	100
274944	4591555	100
275200	4594037	100
275456	4596639	100
275712	4599068	100
275968	4601687	100
276224	4604084	100
276480	4606626	99.609375
276736	4609312	100
276992	4611950	100
277248	4614431	100
277504	4616751	100
277760	4619413	100
278016	4621688	100
278272	4624307	100
278528	4626966	100
278784	4629585	100
279040	4631950	100
279296	4634100	100
279552	4636854	100
279808	4639218	100
280064	4641931	100
280320	4644598	99.609375
280576	4647159	100
280832	4649593	100
281088	4652377	100
281344	4654947	100
281600	4657466	100
281856	4659918	100
282112	4662703	100
282368	4665425	100
282624	4668026	100
282880	4670668	100
283136	4673306	100
283392	4676178	100
283648	4678730	100
283904	4681243	100
284160	4684073	100
284416	4686632	100
284672	4689360	99.609375
284928	4691605	100
285184	4693943	100
285440	4696609	100
285696	4699122	100
285952	4701680	100
286208	4704406	100
286464	4706817	100
286720	4709512	100
286976	4712233	100
287232	4715049	100
287488	4717862	100
287744	4720223	100
288000	4722696	100
288256	4725369	100
288512	4728013	100
288768	4730607	99.609375
289024	4733101	100
289280	4735686	100
289536	4738299	100
289792	4740939	100
290048	4743734	100
290304	4746209	100
290560	4748965	100
290816	4751701	100
291072	4754149	100
291328	4756740	100
291584	4759181	100
291840	4761615	100
292096	4764479	100
292352	4767077	100
292608	4769422	100
292864	4771955	100
293120	4774587	99.609375
293376	4777171	100
293632	4779652	100
293888	4782324	100
294144	4784937	100
294400	4787756	100
294656	4790270	100
294912	4792714	100
295168	4795037	100
295424	4797568	100
295680	4800088	100
295936	4802581	99.609375
296192	4804999	100
296448	4807380	100
296704	4809750	100
296960	4812252	100
297216	4814982	100
297472	4817871	100
297728	4820233	100
297984	4822690	100
298240	4825093	100
298496	4827667	100
298752	4829960	100
299008	4832541	100
299264	4835029	100
299520	4837627	100
299776	4840023	100
300032	4842639	100
300288	4845166	100
300544	4847694	100
300800	4850178	100
301056	4852736	100
301312	4855248	100
301568	4857850	100
301824	4860457	100
302080	4862981	100
302336	4865603	100
302592	4868122	100
302848	4870570	100
303104	4872951	100
303360	4875597	100
303616	4877934	100
303872	4880521	100
304128	4883192	100
304384	4885705	100
304640	4888170	100
304896	4890637	100
305152	4893099	100
305408	4895548	100
305664	4898007	100
305920	4900400	100
306176	4903167	100
306432	4905794	100
306688	4908424	100
306944	4910924	100
307200	4913391	100
307456	4915758	100
307712	4918300	100
307968	4920834	100
308224	4923423	100
308480	4925938	100
308736	4928333	100
308992	4931080	100
309248	4933609	100
309504	4936436	100
309760	4939026	100
310016	4941392	100
310272	4943790	100
310528	4946248	100
310784	4948499	100
311040	4950952	100
311296	4953523	100
311552	4955964	100
311808	4958464	100
312064	4961181	100
312320	4963886	100
312576	4966411	100
312832	4968981	100
313088	4971383	100
313344	4973827	100
313600	4976191	100
313856	4978634	100
314112	4981225	100
314368	4983684	100
314624	4986087	100
314880	4988671	100
315136	4991355	100
315392	4993840	100
315648	4996513	100
315904	4999034	100
316160	5001493	100
316416	5003892	100
316672	5006413	100
316928	5008905	100
317184	5011664	99.609375
317440	5014389	100
317696	5016917	100
317952	5019214	100
318208	5021654	100
318464	5024282	100
318720	5026910	100
318976	5029618	100
319232	5032127	100
319488	5034608	100
319744	5036923	100
320000	5039635	100
320256	5041993	100
320512	5044375	100
320768	5046982	100
321024	5049472	100
321280	5051946	100
321536	5054511	100
321792	5056887	100
322048	5059386	100
322304	5062069	100
322560	5064788	100
322816	5067388	100
323072	5069982	100
323328	5072456	100
323584	5074971	100
323840	5077646	100
324096	5080209	100
324352	5082505	100
324608	5084974	100
324864	5087488	100
325120	5090092	100
325376	5092728	100
325632	5095120	100
325888	5097622	100
326144	5100100	100
326400	5102558	100
326656	5105417	100
326912	5107980	100
327168	5110567	100
327424	5112936	100
327680	5115586	100
327936	5118021	100
328192	5120484	100
328448	5122966	100
328704	5125870	100
328960	5128367	100
329216	5131179	100
329472	5133780	100
329728	5136176	100
329984	5138968	100
330240	5141432	100
330496	5144038	100
330752	5146761	100
331008	5149240	100
331264	5151945	100
331520	5154675	100
331776	5157084	100
332032	5159843	100
332288	5162420	100
332544	5164999	100
332800	5167641	100
333056	5170156	100
333312	5172778	100
333568	5175339	100
333824	5177871	100
334080	5180470	100
334336	5182992	100
334592	5185497	99.609375
334848	5188110	100
335104	5190577	100
335360	5193298	99.609375
335616	5195875	100
335872	5198516	100
336128	5201050	100
336384	5203364	100
336640	5205687	100
336896	5208321	100
337152	5210873	100
337408	5213452	100
337664	5215704	100
337920	5218540	100
338176	5220938	100
338432	5223353	100
338688	5225710	100
338944	5228026	100
339200	5230790	100
339456	5233626	100
339712	5236174	100
339968	5238634	100
340224	5240909	100
340480	5243384	100
340736	5245838	100
340992	5248237	100
341248	5250824	100
341504	5253132	100
341760	5255571	100
342016	5258267	100
342272	5260909	100
342528	5263409	100
342784	5265976	100
343040	5268402	100
343296	5270872	100
343552	5273351	100
343808	5275753	100
344064	5278209	100
344320	5280722	100
344576	5283532	100
344832	5286015	100
345088	5288469	100
345344	5291052	100
345600	5293646	100
345856	5295899	100
346112	5298293	100
346368	5300769	100
346624	5303309	100
346880	5305791	100
347136	5308051	100
347392	5310862	100
347648	5313531	100
347904	5316213	100
348160	5318807	100
348416	5321331	100
348672	5323592	100
348928	5326074	99.609375
349184	5328789	100
349440	5331262	100
349696	5333601	100
349952	5336105	100
350208	5338261	100
350464	5340946	100
350720	5343427	100
350976	5345733	100
351232	5348288	100
351488	5350870	100
351744	5353594	100
352000	5356081	100
352256	5358483	100
352512	5360838	100
352768	5363278	100
353024	5365754	100
353280	5368211	100
353536	5370725	100
353792	5373144	100
354048	5375964	100
354304	5378564	100
354560	5381266	100
354816	5383728	100
355072	5386101	100
355328	5388519	100
355584	5391268	100
355840	5393813	100
356096	5396321	100
356352	5398979	100
356608	5401303	100
356864	5403592	100
357120	5405962	100
357376	5408328	100
357632	5410807	100
357888	5413224	100
358144	5415741	100
358400	5418183	100
358656	5420669	100
358912	5423287	100
359168	5425768	100
359424	5428272	100
359680	5431096	100
359936	5433490	100
360192	5435896	100
360448	5438374	100
360704	5440853	100
360960	5443311	100
361216	5445763	100
361472	5448123	100
361728	5450498	100
361984	5453098	100
362240	5455541	100
362496	5457982	100
362752	5460472	100
363008	5463082	100
363264	5465680	100
363520	5468109	100
363776	5470529	100
364032	5473075	100
364288	5475380	100
364544	5478064	100
364800	5480810	100
365056	5483336	100
365312	5485620	100
365568	5488049	100
365824	5490454	100
366080	5492797	100
366336	5495291	100
366592	5497900	100
366848	5500127	100
367104	5502639	100
367360	5504913	100
367616	5507149	100
367872	5509702	100
368128	5512196	100
368384	5514767	100
368640	5516977	100
368896	5519607	100
369152	5522241	100
369408	5524836	100
369664	5527465	100
369920	5530023	100
370176	5532720	100
370432	5535294	100
370688	5537838	100
370944	5540144	100
371200	5542575	100
371456	5545081	100
371712	5547534	100
371968	5549936	100
372224	5552314	100
372480	5554898	100
372736	5557423	100
372992	5559925	100
373248	5562563	100
373504	5565005	100
373760	5567563	100
374016	5570252	100
374272	5572758	100
374528	5575135	100
374784	5577575	100
375040	5580184	100
375296	5582800	100
375552	5585315	100
375808	5587778	100
376064	5590226	100
376320	5592794	100
376576	5595195	100
376832	5597572	100
377088	5600317	100
377344	5602872	100
377600	5605338	100
377856	5607937	100
378112	5610325	100
378368	5612585	100
378624	5614978	100
378880	5617454	100
379136	5619930	100
379392	5622389	100
379648	5625003	100
379904	5627557	100
380160	5629895	100
380416	5632219	100
380672	5634987	100
380928	5637322	100
381184	5639843	100
381440	5642357	100
381696	5644893	100
381952	5647390	100
382208	5649838	100
382464	5652322	100
382720	5654920	100
382976	5657472	100
383232	5659747	100
383488	5662218	100
383744	5664706	100
384000	5667362	100
384256	5669904	100
384512	5672397	100
384768	5674840	100
385024	5677195	100
385280	5679691	100
385536	5682202	100
385792	5684695	100
386048	5687139	100
386304	5689743	100
386560	5692368	100
386816	5694918	100
387072	5697355	100
387328	5699711	100
387584	5702356	100
387840	5704859	100
388096	5707368	100
388352	5709893	100
388608	5712370	100
388864	5714674	100
389120	5717053	100
389376	5719479	100
389632	5721784	100
389888	5724287	100
390144	5726763	100
390400	5729132	100
390656	5731608	100
390912	5733962	100
391168	5736604	100
391424	5739203	100
391680	5741688	100
391936	5744080	100
392192	5746540	100
392448	5749155	100
392704	5751621	100
392960	5753898	100
393216	5756430	100
393472	5758541	100
393728	5761060	100
393984	5763363	100
394240	5766088	100
394496	5768620	100
394752	5771210	100
395008	5773653	100
395264	5776052	100
395520	5778480	100
395776	5780813	100
396032	5783381	100
396288	5785881	100
396544	5788291	100
396800	5790703	100
397056	5793395	99.609375
397312	5796160	100
397568	5798679	100
397824	5801308	100
398080	5803915	100
398336	5806361	100
398592	5808934	100
398848	5811483	100
399104	5813896	100
399360	5816337	100
399616	5818741	100
399872	5821172	100
400128	5823536	100
400384	5825834	100
400640	5828187	100
400896	5830759	100
401152	5833105	100
401408	5835578	100
401664	5838095	100
401920	5840439	100
402176	5842716	100
402432	5845136	100
402688	5847553	100
402944	5850103	100
403200	5852418	100
403456	5854571	100
403712	5856967	100
403968	5859533	100
404224	5861964	100
404480	5864309	100
404736	5867040	100
404992	5869634	100
405248	5872354	100
405504	5874789	100
405760	5877078	100
406016	5879618	100
406272	5882188	100
406528	5884605	100
406784	5887382	100
407040	5889883	100
407296	5892257	100
407552	5894693	100
407808	5896923	100
408064	5899274	100
408320	5901730	100
408576	5904284	100
408832	5906964	100
409088	5909327	100
409344	5911789	100
409600	5914112	100
409856	5916715	100
410112	5919263	100
410368	5921414	100
410624	5923972	100
410880	5926357	100
411136	5928623	100
411392	5931018	100
411648	5933785	100
411904	5936432	100
412160	5938696	100
412416	5941208	100
412672	5943748	100
412928	5946107	100
413184	5948492	100
413440	5950900	100
413696	5953285	100
413952	5955563	100
414208	5957890	100
414464	5960382	100
414720	5962650	100
414976	5965123	100
415232	5967620	100
415488	5969957	100
415744	5972386	100
416000	5974860	100
416256	5977231	100
416512	5979681	100
416768	5982110	100
417024	5984783	100
417280	5987043	100
417536	5989374	100
417792	5991760	100
418048	5994299	100
418304	5996652	100
418560	5999055	100
418816	6001495	100
419072	6003933	100
419328	6006234	100
419584	6008553	100
419840	6011016	100
420096	6013452	100
420352	6015716	100
420608	6018266	100
420864	6020710	100
421120	6023129	100
421376	6025415	100
421632	6027862	100
421888	6030313	100
422144	6032524	100
422400	6034922	100
422656	6037416	100
422912	6039908	100
423168	6042240	99.609375
423424	6044581	100
423680	6046987	100
423936	6049481	100
424192	6052023	100
424448	6054625	99.609375
424704	6057177	100
424960	6059655	100
425216	6062054	100
425472	6064504	100
425728	6066992	100
425984	6069595	100
426240	6071992	100
426496	6074460	100
426752	6076790	100
427008	6079127	100
427264	6081535	100
427520	6084082	100
427776	6086577	100
428032	6089090	100
428288	6091445	100
428544	6093798	100
428800	6096394	100
429056	6099017	100
429312	6101436	100
429568	6104131	100
429824	6106696	100
430080	6109064	100
430336	6111341	100
430592	6113651	100
430848	6115949	100
431104	6118512	100
431360	6120856	100
431616	6123663	100
431872	6126053	100
432128	6128423	100
432384	6130942	100
432640	6133637	100
432896	6136226	100
433152	6138323	100
433408	6140818	100
433664	6143298	100
433920	6145655	100
434176	6148267	100
434432	6150837	100
434688	6153277	100
434944	6155644	100
435200	6158052	100
435456	6160346	100
435712	6162761	100
435968	6164967	100
436224	6167417	100
436480	6169897	100
436736	6172439	100
436992	6174840	100
437248	6177106	100
437504	6179476	100
437760	6181834	100
438016	6184446	100
438272	6186874	100
438528	6189343	100
438784	6191679	100
439040	6194235	100
439296	6196573	100
439552	6199081	100
439808	6201553	100
440064	6203766	100
440320	6206437	100
440576	6208934	100
440832	6211517	100
441088	6214033	100
441344	6216403	100
441600	6218605	100
441856	6221296	100
442112	6223793	100
442368	6226409	100
442624	6228927	100
442880	6231220	100
443136	6233614	100
443392	6236109	100
443648	6238722	100
443904	6241150	100
444160	6243783	100
444416	6246424	100
444672	6248764	100
444928	6251519	100
445184	6253923	100
445440	6256206	100
445696	6258566	100
445952	6261043	100
446208	6263597	100
446464	6265962	100
446720	6268391	100
446976	6270653	100
447232	6273200	100
447488	6275577	100
447744	6277983	100
448000	6280529	100
448256	6282921	100
448512	6285196	100
448768	6287698	100
449024	6290236	100
449280	6292579	100
449536	6294928	100
449792	6297379	100
450048	6300025	100
450304	6302596	100
450560	6304731	100
450816	6306906	100
451072	6309260	100
451328	6311786	100
451584	6314281	100
451840	6316731	100
452096	6319223	100
452352	6321533	100
452608	6323944	100
452864	6326364	100
453120	6328836	100
453376	6331117	100
453632	6333740	100
453888	6336087	100
454144	6338288	100
454400	6340833	100
454656	6343149	100
454912	6345492	100
455168	6347852	100
455424	6350231	100
455680	6352822	100
455936	6355110	100
456192	6357641	100
456448	6359995	100
456704	6362429	100
456960	6364992	100
457216	6367530	100
457472	6370016	100
457728	6372372	100
457984	6374775	100
458240	6377370	100
458496	6379889	100
458752	6382428	100
459008	6384873	100
459264	6387314	100
459520	6389789	100
459776	6392245	100
460032	6394531	100
460288	6396955	100
460544	6399544	100
460800	6401911	100
461056	6404411	100
461312	6406931	100
461568	6409415	100
461824	6412191	100
462080	6414598	100
462336	6416908	100
462592	6419349	100
462848	6421858	100
463104	6424181	100
463360	6426644	100
463616	6429146	100
463872	6431397	100
464128	6433692	100
464384	6436024	100
464640	6438376	100
464896	6440897	100
465152	6443263	100
465408	6445403	100
465664	6447937	100
465920	6450318	100
466176	6452603	100
466432	6454859	100
466688	6457183	100
466944	6459600	100
467200	6462237	100
467456	6464707	100
467712	6467500	100
467968	6469965	100
468224	6472475	100
468480	6474885	100
468736	6477058	100
468992	6479396	100
469248	6481837	100
469504	6484265	100
469760	6486804	100
470016	6489271	100
470272	6491692	100
470528	6494121	100
470784	6496702	100
471040	6499170	100
471296	6501484	100
471552	6503944	100
471808	6506317	100
472064	6508890	100
472320	6511457	100
472576	6514044	100
472832	6516337	100
473088	6518947	100
473344	6521348	100
473600	6523680	100
473856	6526158	100
474112	6528594	100
474368	6530930	100
474624	6533357	100
474880	6535878	100
475136	6538150	100
475392	6540386	100
475648	6542792	100
475904	6545217	100
476160	6547673	100
476416	6550183	100
476672	6552870	100
476928	6555249	100
477184	6557735	100
477440	6560186	100
477696	6562740	100
477952	6565081	100
478208	6567409	100
478464	6569777	100
478720	6572116	100
478976	6574577	100
479232	6576987	100
479488	6579312	100
479744	6581693	100
480000	6584022	100
480256	6586620	100
480512	6589233	100
480768	6591618	100
481024	6594299	100
481280	6596857	100
481536	6599167	100
481792	6601394	100
482048	6603792	100
482304	6606142	100
482560	6608555	100
482816	6610901	100
483072	6613336	100
483328	6615907	100
483584	6618340	100
483840	6620899	100
484096	6623202	100
484352	6625461	100
484608	6627701	100
484864	6630169	100
485120	6632638	100
485376	6635016	100
485632	6637513	100
485888	6639574	100
486144	6641858	100
486400	6644199	100
486656	6646609	100
486912	6649168	100
487168	6651558	100
487424	6653828	100
487680	6656227	100
487936	6658791	100
488192	6661378	100
488448	6663973	100
488704	6666355	100
488960	6668829	100
489216	6671089	100
489472	6673544	100
489728	6676167	100
489984	6678471	100
490240	6681200	100
490496	6683927	100
490752	6686353	100
491008	6688873	100
491264	6691633	100
491520	6694075	100
491776	6696463	100
492032	6698747	100
492288	6701327	100
492544	6703636	100
492800	6705836	100
493056	6708294	100
493312	6710779	100
493568	6713299	100
493824	6715604	100
494080	6717945	100
494336	6720310	100
494592	6722769	100
494848	6725249	100
495104	6727678	100
495360	6730052	100
495616	6732372	100
495872	6734827	100
496128	6737269	100
496384	6739909	100
496640	6742393	100
496896	6744836	100
497152	6747220	100
497408	6749567	100
497664	6751992	100
497920	6754141	100
498176	6756600	100
498432	6759282	100
498688	6761856	100
498944	6764160	100
499200	6766605	100
499456	6769066	100
499712	6771496	100
499968	6773898	100
500224	6776468	100
500480	6778801	100
500736	6781253	100
500992	6783673	100
501248	6786001	100
501504	6788500	100
501760	6790642	100
502016	6793060	100
502272	6795318	100
502528	6797977	100
502784	6800474	100
503040	6802909	100
503296	6805411	100
503552	6807700	100
503808	6810010	100
504064	6812483	100
504320	6814629	100
504576	6817111	100
504832	6819491	100
505088	6821866	100
505344	6824358	100
505600	6826755	100
505856	6829232	100
506112	6831633	100
506368	6833843	100
506624	6836337	100
506880	6838778	100
507136	6841050	100
507392	6843456	100
507648	6845823	100
507904	6848316	100
508160	6850638	100
508416	6852859	100
508672	6855165	100
508928	6857536	100
509184	6859811	100
509440	6862180	100
509696	6864588	100
509952	6867166	100
510208	6869516	100
510464	6871837	100
510720	6874474	100
510976	6877122	100
511232	6879680	100
511488	6882010	100
511744	6884328	100
512000	6886862	100
512256	6889502	100
512512	6891816	100
512768	6894299	100
513024	6896665	100
513280	6899026	100
513536	6901329	100
513792	6903703	100
514048	6906197	100
514304	6908514	100
514560	6910794	100
514816	6913288	100
515072	6915714	100
515328	6918181	100
515584	6920589	100
515840	6923160	100
516096	6925437	100
516352	6927821	100
516608	6930260	100
516864	6932548	100
517120	6934917	100
517376	6937396	100
517632	6939887	100
517888	6942357	100
518144	6944783	100
518400	6947284	100
518656	6949366	100
518912	6951799	100
519168	6954213	100
519424	6956743	100
519680	6959154	100
519936	6961619	100
520192	6964120	100
520448	6966752	100
520704	6969093	100
520960	6971534	100
521216	6974094	100
521472	6976419	100
521728	6978686	100
521984	6981094	100
522240	6983518	100
522496	6985717	100
522752	6988215	100
523008	6990543	100
523264	6993074	100
523520	6995309	100
523776	6997885	100
524032	7000364	100
524288	7002633	100
524544	7005164	100
524800	7007645	100
525056	7010223	100
525312	7012707	100
525568	7015058	100
525824	7017483	100
526080	7020082	100
526336	7022557	100
526592	7025125	100
526848	7027644	100
527104	7029875	100
527360	7032195	100
527616	7034665	100
527872	7036901	100
528128	7039242	100
528384	7041650	100
528640	7044088	100
528896	7046581	100
529152	7049155	100
529408	7051619	100
529664	7054016	100
529920	7056372	100
530176	7058827	100
530432	7061331	100
530688	7063704	100
530944	7065949	100
531200	7068210	100
531456	7070664	100
531712	7072888	100
531968	7075290	100
532224	7077789	100
532480	7080265	100
532736	7082823	100
532992	7085071	100
533248	7087366	100
533504	7089826	100
533760	7092186	100
534016	7094830	100
534272	7097199	100
534528	7099390	100
534784	7101683	100
535040	7103901	100
535296	7106238	100
535552	7108721	100
535808	7110953	100
536064	7113404	100
536320	7115662	100
536576	7118045	100
536832	7120544	100
537088	7122583	100
537344	7124910	100
537600	7127228	100
537856	7129652	100
538112	7131875	100
538368	7134495	100
538624	7136886	100
538880	7139579	100
539136	7142200	100
539392	7144709	100
539648	7147040	100
539904	7149507	100
540160	7151915	100
540416	7154237	100
540672	7156650	100
540928	7158979	100
541184	7161213	100
541440	7163810	100
541696	7166340	100
541952	7168804	100
542208	7171155	100
542464	7173406	100
542720	7175699	100
542976	7178173	100
543232	7180634	100
543488	7183166	100
543744	7185607	100
544000	7188000	100
544256	7190443	100
544512	7192615	100
544768	7195079	100
545024	7197326	100
545280	7199754	100
545536	7202100	100
545792	7204421	100
546048	7206814	100
546304	7209202	100
546560	7211487	100
546816	7214256	100
547072	7216676	100
547328	7219118	100
547584	7221388	100
547840	7223589	100
548096	7226115	100
548352	7228331	100
548608	7230889	100
548864	7233286	100
549120	7235784	100
549376	7238120	100
549632	7240348	100
549888	7242832	100
550144	7245137	100
550400	7247721	100
550656	7250184	100
550912	7252398	100
551168	7254675	100
551424	7257203	100
551680	7259616	100
551936	7262039	100
552192	7264583	100
552448	7266922	100
552704	7269265	100
552960	7271536	100
553216	7274021	100
553472	7276556	100
553728	7279028	100
553984	7281223	100
554240	7283616	100
554496	7285781	100
554752	7288320	100
555008	7290541	100
555264	7292923	100
555520	7295217	100
555776	7297612	100
556032	7299994	100
556288	7302503	100
556544	7304681	100
556800	7307188	100
557056	7309625	100
557312	7311914	100
557568	7314297	100
557824	7316835	100
558080	7319145	100
558336	7321652	100
558592	7323935	100
558848	7326341	100
559104	7328510	100
559360	7330844	100
559616	7333282	100
559872	7335895	100
560128	7338290	100
560384	7340545	100
560640	7342882	100
560896	7345094	100
561152	7347541	100
561408	7350019	100
561664	7352234	100
561920	7354589	100
562176	7357009	100
562432	7359419	100
562688	7361742	100
562944	7363990	100
563200	7366344	100
563456	7368872	100
563712	7371136	100
563968	7373390	100
564224	7375744	100
564480	7378145	100
564736	7380530	100
564992	7382871	100
565248	7385342	100
565504	7387836	100
565760	7390274	100
566016	7392794	100
566272	7395064	100
566528	7397577	100
566784	7400229	100
567040	7402605	100
567296	7404970	100
567552	7407391	100
567808	7409742	100
568064	7412026	100
568320	7414258	100
568576	7416434	100
568832	7418990	100
569088	7421271	100
569344	7423422	100
569600	7425716	100
569856	7428039	100
570112	7430324	100
570368	7432971	100
570624	7435367	100
570880	7437698	100
571136	7439792	100
571392	7442167	100
571648	7444439	100
571904	7446761	100
572160	7449095	100
572416	7451707	100
572672	7454040	100
572928	7456324	100
573184	7458856	100
573440	7461342	100
573696	7464093	100
573952	7466540	100
574208	7468880	100
574464	7471170	100
574720	7473445	100
574976	7475909	100
575232	7478413	100
575488	7480876	100
575744	7483160	100
576000	7485343	100
576256	7487791	100
576512	7490329	100
576768	7492775	100
577024	7495309	100
577280	7497460	100
577536	7499927	100
577792	7502347	100
578048	7504990	100
578304	7507302	100
578560	7509794	100
578816	7512410	100
579072	7514601	100
579328	7516885	100
579584	7519137	100
579840	7521544	100
580096	7524006	100
580352	7526349	100
580608	7528767	100
580864	7531271	100
581120	7533740	100
581376	7536186	100
581632	7538713	100
581888	7541035	100
582144	7543385	100
582400	7545841	100
582656	7548100	100
582912	7550497	100
583168	7553028	100
583424	7555394	100
583680	7557826	100
583936	7560273	100
584192	7562732	100
584448	7565184	100
584704	7567663	100
584960	7570052	100
585216	7572406	100
585472	7574807	100
585728	7577037	100
585984	7579133	100
586240	7581447	100
586496	7583750	100
586752	7586082	100
587008	7588337	100
587264	7590707	100
587520	7592968	100
587776	7595312	100
588032	7597776	100
588288	7600199	100
588544	7602498	100
588800	7604928	100
589056	7607219	100
589312	7609504	100
589568	7611805	100
589824	7614189	100
590080	7616730	100
590336	7619185	100
590592	7621585	100
590848	7623893	100
591104	7626491	100
591360	7629283	100
591616	7631639	100
591872	7634123	100
592128	7636617	100
592384	7639068	100
592640	7641485	100
592896	7643986	100
593152	7646214	100
593408	7648604	100
593664	7650875	100
593920	7653427	100
594176	7655804	100
594432	7658203	100
594688	7660840	100
594944	7663252	100
595200	7665653	100
595456	7668085	100
595712	7670370	100
595968	7672737	100
596224	7675078	100
596480	7677631	100
596736	7680252	100
596992	7682600	100
597248	7684719	100
597504	7687187	100
597760	7689586	100
598016	7691896	100
598272	7694147	100
598528	7696539	100
598784	7698748	100
599040	7701138	100
599296	7703373	100
599552	7705820	100
599808	7707965	100
600064	7710074	100
600320	7712694	100
600576	7714992	100
600832	7717506	100
601088	7719905	100
601344	7722201	100
601600	7724530	100
601856	7726896	100
602112	7729532	100
602368	7731936	100
602624	7734410	100
602880	7736732	100
603136	7738978	100
603392	7741106	100
603648	7743321	100
603904	7745927	100
604160	7748123	100
604416	7750468	100
604672	7752960	100
604928	7755424	100
605184	7757816	100
605440	7760149	100
605696	7762491	100
605952	7764842	100
606208	7767128	100
606464	7769487	100
606720	7771773	100
606976	7774013	100
607232	7776227	100
607488	7778685	100
607744	7780935	100
608000	7783239	100
608256	7785599	100
608512	7787875	100
608768	7790299	100
609024	7792704	100
609280	7795171	100
609536	7797686	100
609792	7800114	100
610048	7802406	100
610304	7804996	100
610560	7807583	100
610816	7809950	100
611072	7812138	100
611328	7814530	100
611584	7817026	100
611840	7819591	100
612096	7821852	100
612352	7824219	100
612608	7826439	100
612864	7828840	100
613120	7831236	100
613376	7833667	100
613632	7836125	100
613888	7838400	100
614144	7841073	100
614400	7843293	100
614656	7845540	100
614912	7847859	100
615168	7850258	100
615424	7852742	100
615680	7855072	100
615936	7857383	100
616192	7859792	100
616448	7862371	100
616704	7864745	100
616960	7867272	100
617216	7869305	100
617472	7871652	100
617728	7874117	100
617984	7876357	100
618240	7878855	100
618496	7881002	100
618752	7883243	100
619008	7885589	100
619264	7888027	100
619520	7890463	100
619776	7892674	100
620032	7895137	100
620288	7897639	100
620544	7899877	100
620800	7902298	100
621056	7904569	100
621312	7906962	100
621568	7909417	100
621824	7911570	100
622080	7913947	100
622336	7916464	100
622592	7919006	100
622848	7921379	100
623104	7923777	100
623360	7926067	100
623616	7928394	100
623872	7930809	100
624128	7933221	100
624384	7935588	100
624640	7938157	100
624896	7940372	100
625152	7942830	100
625408	7945123	100
625664	7947340	100
625920	7949889	100
626176	7952202	100
626432	7954719	100
626688	7957101	100
626944	7959444	100
627200	7961771	100
627456	7964006	100
627712	7966390	100
627968	7968730	100
628224	7971130	100
628480	7973566	100
628736	7976009	100
628992	7978317	100
629248	7980677	100
629504	7983158	100
629760	7985397	100
630016	7987751	100
630272	7989912	100
630528	7992397	100
630784	7994649	100
631040	7997206	100
631296	7999606	100
631552	8001879	100
631808	8004347	100
632064	8006581	100
632320	8009070	100
632576	8011208	100
632832	8013614	100
633088	8016224	100
633344	8018523	100
633600	8020874	100
633856	8023276	100
634112	8025681	100
634368	8027993	100
634624	8030366	100
634880	8032803	100
635136	8035094	100
635392	8037488	100
635648	8039894	100
635904	8042288	100
636160	8044833	100
636416	8047101	100
636672	8049415	100
636928	8051868	100
637184	8054454	100
637440	8056654	100
637696	8058876	100
637952	8061082	100
638208	8063495	100
638464	8065506	100
638720	8068027	100
638976	8070331	100
639232	8072754	100
639488	8075241	100
639744	8077416	100
640000	8079762	100
640256	8082166	100
640512	8084467	100
640768	8086569	100
641024	8088790	100
641280	8091200	100
641536	8093535	100
641792	8095883	100
642048	8098377	100
642304	8100931	100
642560	8103488	100
642816	8105944	100
643072	8108187	100
643328	8110532	100
643584	8112944	100
643840	8115079	100
644096	8117393	100
644352	8119798	100
644608	8122123	100
644864	8124453	100
645120	8126669	100
645376	8129270	100
645632	8131661	100
645888	8134168	100
646144	8136618	100
646400	8139153	100
646656	8141427	100
646912	8143640	100
647168	8146010	100
647424	8148309	100
647680	8150616	100
647936	8152902	100
648192	8155310	100
648448	8157667	100
648704	8160091	100
648960	8162533	100
649216	8164865	100
649472	8167291	100
649728	8169564	100
649984	8172073	100
650240	8174561	100
650496	8176912	100
650752	8179182	100
651008	8181720	100
651264	8184090	100
651520	8186246	100
651776	8188667	100
652032	8191086	100
652288	8193358	100
652544	8195690	100
652800	8198360	100
653056	8200661	100
653312	8202979	100
653568	8205663	100
653824	8207956	100
654080	8210391	100
654336	8212685	100
654592	8215173	100
654848	8217460	100
655104	8219700	100
655360	8222177	100
655616	8224414	100
655872	8226589	100
656128	8228821	100
656384	8231263	100
656640	8233662	100
656896	8236120	100
657152	8238408	100
657408	8240858	100
657664	8243093	100
657920	8245301	100
658176	8247465	100
658432	8249740	100
658688	8251930	100
658944	8254143	100
659200	8256544	100
659456	8258855	100
659712	8261286	100
659968	8263708	100
660224	8266145	100
660480	8268430	100
660736	8270897	100
660992	8273094	100
661248	8275553	100
661504	8277846	100
661760	8280178	100
662016	8282454	100
662272	8284807	100
662528	8287220	100
662784	8289469	100
663040	8292018	100
663296	8294223	100
663552	8296613	100
663808	8298798	100
664064	8301073	100
664320	8303486	100
664576	8305987	100
664832	8308218	100
665088	8310733	100
665344	8312998	100
665600	8315479	100
665856	8317854	100
666112	8320125	100
666368	8322359	100
666624	8324629	100
666880	8327092	100
667136	8329499	100
667392	8331798	100
667648	8333940	100
667904	8336363	100
668160	8338860	100
668416	8341080	100
668672	8343442	100
668928	8345778	100
669184	8348277	100
669440	8350647	100
669696	8353023	100
669952	8355401	100
670208	8357679	100
670464	8360058	100
670720	8362165	100
670976	8364568	100
671232	8366956	100
671488	8369248	100
671744	8371672	100
672000	8374280	100
672256	8376697	100
672512	8379063	100
672768	8381680	100
673024	8383789	100
673280	8386386	100
673536	8388675	100
673792	8391185	100
674048	8393599	100
674304	8395870	100
674560	8398039	100
674816	8400238	100
675072	8402722	100
675328	8404990	100
675584	8407509	100
675840	8409971	100
676096	8412294	100
676352	8414628	100
676608	8417213	100
676864	8419855	100
677120	8422367	100
677376	8424714	100
677632	8427084	100
677888	8429334	100
678144	8431506	100
678400	8433570	100
678656	8435936	100
678912	8438350	100
679168	8440695	100
679424	8443079	100
679680	8445470	100
679936	8447893	100
680192	8450364	100
680448	8452713	100
680704	8455006	100
680960	8457285	100
681216	8459738	100
681472	8462325	100
681728	8464724	100
681984	8466897	100
682240	8469334	100
682496	8471620	100
682752	8473896	100
683008	8476459	100
683264	8478639	100
683520	8481006	100
683776	8483269	100
684032	8485632	100
684288	8488090	100
684544	8490697	100
684800	8492977	100
685056	8495387	100
685312	8498032	100
685568	8500429	100
685824	8502923	100
686080	8505410	100
686336	8507663	100
686592	8509999	100
686848	8512417	100
687104	8514684	100
687360	8517102	100
687616	8519442	100
687872	8522022	100
688128	8524381	100
688384	8527012	100
688640	8529339	100
688896	8531617	100
689152	8533973	100
689408	8536160	100
689664	8538453	100
689920	8540873	100
690176	8543207	100
690432	8545445	100
690688	8547919	100
690944	8550217	100
691200	8552515	100
691456	8554975	100
691712	8557290	100
691968	8559756	100
692224	8561876	100
692480	8564167	100
692736	8566664	100
692992	8568976	100
693248	8571363	100
693504	8573744	100
693760	8576236	100
694016	8578672	100
694272	8581133	99.609375
694528	8583544	100
694784	8585666	100
695040	8588019	100
695296	8590172	100
695552	8592523	100
695808	8594915	100
696064	8597362	100
696320	8599583	100
696576	8601972	100
696832	8604513	100
697088	8606765	100
697344	8608960	100
697600	8611286	100
697856	8613824	100
698112	8616399	100
698368	8618669	100
698624	8621133	100
698880	8623394	100
699136	8625805	100
699392	8628293	100
699648	8630538	100
699904	8632987	100
700160	8635412	100
700416	8637862	100
700672	8640198	100
700928	8642611	100
701184	8644997	100
701440	8647424	100
701696	8649739	100
701952	8652076	100
702208	8654484	100
702464	8656848	100
702720	8659167	100
702976	8661388	100
703232	8663752	100
703488	8666158	100
703744	8668425	100
704000	8670735	100
704256	8673080	100
704512	8675539	100
704768	8677768	100
705024	8679959	100
705280	8682311	100
705536	8684475	100
705792	8686888	100
706048	8689218	100
706304	8691827	100
706560	8694259	100
706816	8696639	100
707072	8699098	100
707328	8701394	100
707584	8703851	100
707840	8706199	100
708096	8708606	100
708352	8710847	100
708608	8712883	100
708864	8715226	100
709120	8717615	100
709376	8719897	100
709632	8722284	100
709888	8724489	100
710144	8726905	100
710400	8729120	100
710656	8731562	100
710912	8734161	100
711168	8736603	100
711424	8738803	100
711680	8741151	100
711936	8743656	100
712192	8745949	100
712448	8748199	100
712704	8750545	100
712960	8752774	100
713216	8755248	100
713472	8757660	100
713728	8759969	100
713984	8762270	100
714240	8764570	100
714496	8766757	100
714752	8769032	100
715008	8771313	100
715264	8773512	100
715520	8775801	100
715776	8778078	100
716032	8780279	100
716288	8782666	100
716544	8785158	100
716800	8787345	100
717056	8789662	100
717312	8791934	100
717568	8794161	100
717824	8796235	100
718080	8798604	100
718336	8801343	100
718592	8803650	100
718848	8806079	100
719104	8808642	100
719360	8810870	100
719616	8813481	100
719872	8815746	100
720128	8818031	100
720384	8820233	100
720640	8822503	100
720896	8824815	100
721152	8827264	100
721408	8829422	100
721664	8832025	100
721920	8834547	100
722176	8836666	100
722432	8838999	100
722688	8841233	100
722944	8843583	100
723200	8845901	100
723456	8848159	100
723712	8850544	100
723968	8852992	100
724224	8855150	100
724480	8857666	100
724736	8860039	100
724992	8862437	100
725248	8864905	100
725504	8867233	100
725760	8869629	100
726016	8871918	100
726272	8874353	100
726528	8876661	100
726784	8878925	100
727040	8881161	100
727296	8883380	100
727552	8885685	100
727808	8888210	100
728064	8890613	100
728320	8892951	100
728576	8895663	100
728832	8898166	100
729088	8900474	100
729344	8902582	100
729600	8905098	100
729856	8907401	100
730112	8909721	100
730368	8912017	100
730624	8914389	100
730880	8917124	100
731136	8919456	100
731392	8921811	100
731648	8924223	100
731904	8926565	100
732160	8928974	100
732416	8931435	100
732672	8934039	100
732928	8936306	100
733184	8938571	100
733440	8940866	100
733696	8943401	100
733952	8945707	100
734208	8948046	100
734464	8950426	100
734720	8953008	100
734976	8955253	100
735232	8957753	100
735488	8960125	100
735744	8962671	100
736000	8965096	100
736256	8967415	100
736512	8969950	100
736768	8972594	100
737024	8974959	100
737280	8977384	100
737536	8979838	100
737792	8982094	100
738048	8984379	100
738304	8986765	100
738560	8988964	100
738816	8991269	100
739072	8993627	100
739328	8995821	100
739584	8998416	100
739840	9000622	100
740096	9003084	100
740352	9005271	100
740608	9007623	100
740864	9009983	100
741120	9012412	100
741376	9014580	100
741632	9016845	100
741888	9019533	99.609375
742144	9021956	100
742400	9024522	100
742656	9026844	100
742912	9029381	100
743168	9032078	100
743424	9034140	100
743680	9036591	100
743936	9039079	100
744192	9041234	100
744448	9043710	100
744704	9046014	100
744960	9048259	100
745216	9050686	100
745472	9052840	100
745728	9055128	100
745984	9057445	100
746240	9059979	100
746496	9062266	100
746752	9064600	100
747008	9066732	100
747264	9069089	100
747520	9071349	100
747776	9073687	100
748032	9075939	100
748288	9078388	100
748544	9080777	100
748800	9083286	100
749056	9085629	100
749312	9087999	100
749568	9090353	100
749824	9092788	100
750080	9095087	100
750336	9097252	100
750592	9099465	100
750848	9101833	100
751104	9104164	100
751360	9106429	100
751616	9108664	100
751872	9111010	100
752128	9113299	100
752384	9115717	100
752640	9118078	100
752896	9120652	100
753152	9122863	100
753408	9125323	100
753664	9127638	100
753920	9130028	100
754176	9132275	100
754432	9134732	100
754688	9137156	100
754944	9139417	100
755200	9141980	100
755456	9144327	100
755712	9146757	100
755968	9148904	100
756224	9151385	100
756480	9153892	100
756736	9156378	100
756992	9158700	100
757248	9160892	100
757504	9163390	100
757760	9165843	100
758016	9168510	100
758272	9170753	100
758528	9172951	100
758784	9175253	100
759040	9177580	100
759296	9179883	100
759552	9182305	100
759808	9184654	100
760064	9186834	100
760320	9189363	100
760576	9191465	100
760832	9194060	100
761088	9196210	100
761344	9198700	100
761600	9200954	100
761856	9203317	100
762112	9205768	100
762368	9208038	100
762624	9210480	100
762880	9212721	100
763136	9215124	100
763392	9217636	100
763648	9219832	100
763904	9222367	100
764160	9224548	100
764416	9226729	100
764672	9228936	100
764928	9231452	100
765184	9233797	100
765440	9236224	100
765696	9238650	100
765952	9241186	100
766208	9243485	100
766464	9245709	100
766720	9248182	100
766976	9250593	100
767232	9252880	100
767488	9255087	100
767744	9257437	100
768000	9259902	100
768256	9262316	100
768512	9264673	100
768768	9266880	100
769024	9269259	100
769280	9271926	100
769536	9274359	100
769792	9276778	100
770048	9278876	100
770304	9281274	100
770560	9283396	100
770816	9285639	100
771072	9288155	100
771328	9290601	100
771584	9292861	100
771840	9295146	100
772096	9297343	100
772352	9299362	100
772608	9301850	100
772864	9304095	100
773120	9306502	100
773376	9308809	100
773632	9311156	100
773888	9313449	100
774144	9316026	100
774400	9318331	100
774656	9320675	100
774912	9323065	100
775168	9325546	100
775424	9327970	100
775680	9330417	100
775936	9332604	100
776192	9335013	100
776448	9337154	100
776704	9339420	100
776960	9341865	100
777216	9344186	100
777472	9346332	100
777728	9348717	100
777984	9351087	100
778240	9353302	100
778496	9355588	100
778752	9358190	100
779008	9360687	100
779264	9363049	100
779520	9365225	100
779776	9367618	100
780032	9370021	100
780288	9372587	100
780544	9374854	100
780800	9377052	100
781056	9379333	100
781312	9381724	100
781568	9384135	100
781824	9386542	100
782080	9388643	100
782336	9390800	100
782592	9393195	100
782848	9395600	100
783104	9397801	100
783360	9400195	100
783616	9402768	100
783872	9404973	100
784128	9407360	100
784384	9409714	100
784640	9411975	100
784896	9414205	100
785152	9416400	100
785408	9418705	100
785664	9421154	100
785920	9423576	100
786176	9426010	100
786432	9428493	100
786688	9430688	100
786944	9432939	100
787200	9435138	100
787456	9437567	100
787712	9440074	100
787968	9442496	100
788224	9444958	100
788480	9447287	100
788736	9449555	100
788992	9451844	100
789248	9454107	100
789504	9456426	100
789760	9458545	100
790016	9460895	100
790272	9463376	100
790528	9465747	100
790784	9468025	100
791040	9470398	100
791296	9472710	100
791552	9474775	100
791808	9477300	100
792064	9479442	100
792320	9481773	100
792576	9484280	100
792832	9486563	100
793088	9488957	100
793344	9491363	100
793600	9493812	100
793856	9496344	100
794112	9498425	100
794368	9500599	100
794624	9502969	100
794880	9505331	100
795136	9507725	100
795392	9510141	100
795648	9512382	100
795904	9514673	100
796160	9517116	100
796416	9519597	100
796672	9521981	100
796928	9524517	100
797184	9526754	100
797440	9528948	100
797696	9531284	100
797952	9533717	100
798208	9535948	100
798464	9538149	100
798720	9540408	100
798976	9542689	100
799232	9544971	100
799488	9547359	100
799744	9549745	100
800000	9551882	100
800256	9554254	100
800512	9556696	100
800768	9559140	100
801024	9561413	100
801280	9563764	100
801536	9565867	100
801792	9568272	100
802048	9570704	100
802304	9573240	100
802560	9575540	100
802816	9577889	100
803072	9580389	100
803328	9582566	100
803584	9585098	100
803840	9587422	100
804096	9589946	100
804352	9592371	100
804608	9594766	100
804864	9597132	100
805120	9599443	100
805376	9601677	100
805632	9603823	100
805888	9606132	100
806144	9608497	100
806400	9610883	100
806656	9613095	100
806912	9615466	100
807168	9617934	100
807424	9620226	100
807680	9622566	100
807936	9624764	100
808192	9627048	100
808448	9629184	100
808704	9631523	100
808960	9633739	100
809216	9636182	100
809472	9638367	100
809728	9640798	100
809984	9643149	100
810240	9645477	100
810496	9647879	100
810752	9650277	100
811008	9652689	100
811264	9655142	100
811520	9657440	100
811776	9659663	100
812032	9661950	100
812288	9664149	100
812544	9666387	100
812800	9669050	100
813056	9671432	100
813312	9673854	100
813568	9675977	100
813824	9678182	100
814080	9680602	100
814336	9682957	100
814592	9685178	100
814848	9687407	100
815104	9689805	100
815360	9692234	100
815616	9694478	100
815872	9696776	100
816128	9699064	100
816384	9701376	100
816640	9703706	100
816896	9706148	100
817152	9708353	100
817408	9710846	100
817664	9713060	100
817920	9715286	100
818176	9717824	100
818432	9720413	100
818688	9722546	100
818944	9725123	100
819200	9727398	100
819456	9729721	100
819712	9732181	100
819968	9734523	100
820224	9736928	100
820480	9739339	100
820736	9741786	100
820992	9744134	100
821248	9746394	100
821504	9748649	100
821760	9750915	100
822016	9753370	100
822272	9755715	100
822528	9758068	100
822784	9760350	100
823040	9762578	100
823296	9764842	100
823552	9767071	100
823808	9769410	100
824064	9771863	100
824320	9774040	100
824576	9776583	100
824832	9778839	100
825088	9781378	100
825344	9783670	100
825600	9785902	100
825856	9788097	100
826112	9790606	100
826368	9792868	100
826624	9795116	100
826880	9797263	100
827136	9799603	100
827392	9802063	100
827648	9804374	100
827904	9806700	100
828160	9808858	100
828416	9811409	100
828672	9813755	100
828928	9816138	100
829184	9818385	100
829440	9820718	100
829696	9823038	100
829952	9825336	100
830208	9827652	100
830464	9830098	100
830720	9832618	100
830976	9834764	100
831232	9837274	100
831488	9839595	100
831744	9841897	100
832000	9844325	100
832256	9846388	100
832512	9848666	100
832768	9850937	100
833024	9853269	100
833280	9855483	100
833536	9857827	100
833792	9860126	100
834048	9862364	100
834304	9864710	100
834560	9867113	100
834816	9869381	100
835072	9871445	100
835328	9873932	100
835584	9876232	100
835840	9878488	100
836096	9880694	100
836352	9883146	100
836608	9885535	100
836864	9887866	100
837120	9890144	100
837376	9892423	100
837632	9894768	100
837888	9897091	100
838144	9899357	100
838400	9901671	100
838656	9903995	100
838912	9906312	100
839168	9908515	100
839424	9910787	100
839680	9913151	100
839936	9915388	100
840192	9917760	100
840448	9920118	100
840704	9922517	100
840960	9924829	100
841216	9927302	100
841472	9929404	100
841728	9931677	100
841984	9934155	100
842240	9936676	100
842496	9938900	100
842752	9941228	100
843008	9943498	100
843264	9945887	100
843520	9948255	100
843776	9950517	100
844032	9952888	100
844288	9955002	100
844544	9957226	100
844800	9959639	100
845056	9961872	100
845312	9964247	100
845568	9966474	100
845824	9968781	100
846080	9971177	100
846336	9973751	100
846592	9976128	100
846848	9978425	100
847104	9980898	100
847360	9983058	100
847616	9985448	100
847872	9987723	100
848128	9990034	100
848384	9992313	100
848640	9994684	100
848896	9997081	100
849152	9999388	100
849408	10001848	100
849664	10004190	100
849920	10006462	100
850176	10008867	100
850432	10011236	100
850688	10013528	100
850944	10015994	100
851200	10018281	100
851456	10020884	100
851712	10023133	100
851968	10025250	100
852224	10027490	100
852480	10029701	100
852736	10032080	100
852992	10034381	100
853248	10036758	100
853504	10038941	100
853760	10041332	100
854016	10043349	100
854272	10045559	100
854528	10047822	100
854784	10050334	100
855040	10052665	100
855296	10054904	100
855552	10057232	100
855808	10059654	100
856064	10061773	100
856320	10064058	100
856576	10066533	100
856832	10068595	100
857088	10070826	100
857344	10072974	100
857600	10075324	100
857856	10077738	100
858112	10080140	100
858368	10082552	100
858624	10084892	100
858880	10087167	100
859136	10089554	100
859392	10091947	100
859648	10094179	100
859904	10096420	100
860160	10098843	100
860416	10101194	100
860672	10103676	100
860928	10105920	100
861184	10108236	100
861440	10110437	100
861696	10112822	100
861952	10114955	100
862208	10117402	100
862464	10119577	100
862720	10121893	100
862976	10124277	100
863232	10126440	100
863488	10128749	100
863744	10130963	100
864000	10133302	100
864256	10135479	100
864512	10137805	100
864768	10140123	100
865024	10142449	100
865280	10144627	100
865536	10146966	100
865792	10149201	100
866048	10151318	100
866304	10153765	99.609375
866560	10156137	100
866816	10158756	100
867072	10160969	100
867328	10163213	100
867584	10165491	100
867840	10167798	100
868096	10170082	100
868352	10172710	100
868608	10174956	100
868864	10177016	100
869120	10179582	100
869376	10182008	100
869632	10184321	100
869888	10186676	100
870144	10189141	100
870400	10191567	100
870656	10194219	100
870912	10196652	100
871168	10198985	100
871424	10201179	100
871680	10203547	100
871936	10205869	100
872192	10208164	100
872448	10210435	100
872704	10212612	100
872960	10214949	100
873216	10217373	100
873472	10219751	100
873728	10222097	100
873984	10224394	100
874240	10226635	100
874496	10229015	100
874752	10231423	100
875008	10233782	100
875264	10236241	100
875520	10238542	100
875776	10240910	100
876032	10243367	100
876288	10245718	100
876544	10247905	100
876800	10250382	100
877056	10252763	100
877312	10255051	100
877568	10257462	100
877824	10259800	100
878080	10262075	100
878336	10264639	100
878592	10267006	100
878848	10269252	100
879104	10271501	100
879360	10273665	100
879616	10275997	100
879872	10278551	100
880128	10280928	100
880384	10283058	100
880640	10285296	100
880896	10287735	100
881152	10290052	100
881408	10292481	100
881664	10294778	100
881920	10297188	100
882176	10299605	100
882432	10301703	100
882688	10303879	100
882944	10306288	100
883200	10308447	100
883456	10310934	100
883712	10313149	100
883968	10315446	100
884224	10317865	100
884480	10320244	100
884736	10322548	100
884992	10324898	100
885248	10327342	100
885504	10329569	100
885760	10331899	100
886016	10334262	100
886272	10336601	100
886528	10339066	100
886784	10341393	100
887040	10343647	100
887296	10346074	100
887552	10348414	100
887808	10350854	100
888064	10353119	100
888320	10355691	100
888576	10358232	100
888832	10360688	100
889088	10363030	100
889344	10365347	100
889600	10367781	100
889856	10370200	100
890112	10372503	100
890368	10374850	100
890624	10377222	100
890880	10379694	100
891136	10381984	100
891392	10384318	100
891648	10386847	100
891904	10389366	100
892160	10391667	100
892416	10393960	100
892672	10396391	100
892928	10398816	100
893184	10401017	100
893440	10403437	100
893696	10405713	100
893952	10407912	100
894208	10410328	100
894464	10412653	100
894720	10415001	100
894976	10417303	100
895232	10419869	100
895488	10422360	100
895744	10424840	100
896000	10427098	100
896256	10429314	100
896512	10431628	100
896768	10433971	100
897024	10436441	100
897280	10438771	100
897536	10441285	100
897792	10443582	100
898048	10445859	100
898304	10448109	100
898560	10450498	100
898816	10452688	100
899072	10455113	100
899328	10457451	100
899584	10459771	100
899840	10462286	100
900096	10464918	100
900352	10467210	100
900608	10469390	100
900864	10471720	100
901120	10474005	100
901376	10476220	100
901632	10478573	100
901888	10480880	100
902144	10483137	100
902400	10485326	100
902656	10487505	100
902912	10489741	100
903168	10492120	100
903424	10494312	100
903680	10496679	100
903936	10499083	100
904192	10501298	100
904448	10503734	100
904704	10506179	100
904960	10508476	100
905216	10510794	100
905472	10513072	100
905728	10515249	100
905984	10517611	100
906240	10520009	100
906496	10522529	100
