256	23259	10.546875	13.296296
512	43038	26.562500	14.397059
768	58499	45.703125	13.341880
1024	74644	42.968750	14.045455
1280	88780	52.734375	15.081481
1536	102945	49.609375	9.960630
1792	117373	48.437500	9.903226
2048	130898	51.953125	9.210526
2304	143766	55.078125	9.702128
2560	157011	52.734375	8.481481
2816	171507	47.265625	8.231405
3072	184004	55.859375	8.370629
3328	198080	49.218750	8.539683
3584	211054	53.906250	8.507246
3840	223827	55.078125	9.028369
4096	236929	53.125000	8.102941
4352	249414	56.250000	8.923611
4608	261144	59.765625	9.346405
4864	272999	58.593750	8.366667
5120	285489	55.859375	8.321678
5376	296570	61.718750	8.107595
5632	308998	56.250000	8.527778
5888	321592	55.859375	9.048951
6144	334324	54.687500	8.085714
6400	347351	53.515625	8.226277
6656	359456	57.812500	8.817568
6912	372137	55.078125	8.375887
7168	384833	55.078125	8.482270
7424	397153	56.640625	8.413793
7680	409583	56.640625	9.172414
7936	420570	62.890625	9.236025
8192	432806	57.031250	8.465753
8448	445648	54.296875	8.215827
8704	457437	58.593750	7.926667
8960	469198	59.375000	8.953947
9216	481784	55.468750	8.352113
9472	494586	54.687500	8.585714
9728	507841	53.125000	9.227941
9984	519026	61.718750	8.765823
10240	530973	58.203125	8.369128
10496	542125	61.328125	7.974522
10752	554499	56.640625	8.786207
11008	565645	61.718750	8.518987
11264	577361	60.156250	9.844156
11520	589907	55.859375	8.713287
11776	601502	59.765625	8.464052
12032	613529	58.593750	9.513333
12288	625913	56.250000	8.222222
12544	637734	59.375000	9.348684
12800	649191	61.718750	10.487342
13056	661628	57.421875	10.455782
13312	673586	58.593750	9.053333
13568	683244	67.968750	8.379310
13824	694050	64.843750	10.879518
14080	705647	60.156250	9.071429
14336	716467	64.062500	9.878049
14592	727934	61.328125	9.980892
14848	741325	51.953125	8.203008
15104	752500	62.109375	9.276730
15360	764222	60.546875	10.464516
15616	776669	58.203125	11.724832
15872	787720	62.890625	9.633540
16128	798984	62.500000	10.400000
16384	810283	61.718750	9.487342
16640	821413	61.718750	8.417722
16896	832325	63.671875	9.889571
17152	843566	62.890625	10.813665
17408	854656	63.671875	10.981595
17664	864682	66.796875	8.923977
17920	875338	64.843750	9.975904
18176	886496	63.281250	10.851852
18432	896730	66.796875	10.140351
18688	909358	57.812500	12.351351
18944	920944	60.937500	10.166667
19200	932535	61.328125	10.770701
19456	943904	61.718750	9.930380
19712	955009	62.500000	9.406250
19968	965683	64.843750	10.084337
20224	975852	67.187500	10.284884
20480	986850	64.062500	10.963415
20736	996526	69.140625	10.033898
20992	1007648	62.890625	10.074534
21248	1018221	64.453125	8.927273
21504	1028740	66.015625	10.763314
21760	1039703	64.453125	11.290909
22016	1049729	67.968750	10.494253
22272	1060726	64.453125	11.496970
22528	1071877	63.671875	11.355828
22784	1082624	64.843750	10.524096
23040	1093670	64.062500	11.256098
23296	1104407	65.234375	11.000000
23552	1116636	58.203125	10.261745
23808	1127675	64.453125	11.751515
24064	1137433	70.312500	11.988889
24320	1147979	66.015625	10.923077
24576	1159295	61.718750	9.594937
24832	1170577	63.671875	12.159509
25088	1181756	64.453125	12.600000
25344	1192538	64.843750	10.734940
25600	1203104	65.625000	10.511905
25856	1213395	66.406250	9.947059
26112	1224677	62.890625	11.068323
26368	1234493	70.703125	12.795580
26624	1245645	63.671875	11.361963
26880	1256355	65.625000	11.369048
27136	1266930	66.406250	11.617647
27392	1278474	61.718750	11.037975
27648	1289527	63.281250	10.203704
27904	1299996	67.578125	12.537572
28160	1310838	65.625000	12.154762
28416	1322023	62.890625	10.465839
28672	1332177	67.187500	10.197674
28928	1343169	65.234375	12.526946
29184	1354170	64.062500	10.981707
29440	1364191	67.968750	10.465517
29696	1375002	64.843750	10.909639
29952	1386815	61.328125	12.184713
30208	1397491	66.406250	12.211765
30464	1407394	69.140625	11.316384
30720	1416679	73.046875	12.754011
30976	1427639	64.062500	10.731707
31232	1437250	69.531250	10.174157
31488	1447788	66.406250	11.400000
31744	1458388	66.796875	12.280702
32000	1468251	69.921875	12.083799
32256	1478355	68.359375	11.451429
32512	1487746	70.312500	9.950000
32768	1497758	69.921875	12.916201
33024	1508914	64.843750	12.987952
33280	1519993	64.843750	12.524096
33536	1529884	69.531250	11.747191
33792	1540665	66.015625	12.313609
34048	1551860	63.281250	11.080247
34304	1562832	64.062500	10.804878
34560	1572774	69.531250	12.033708
34816	1582329	70.703125	11.353591
35072	1593054	65.234375	10.928144
35328	1603950	64.843750	11.421687
35584	1615377	62.890625	11.968944
35840	1623496	75.781250	9.891753
36096	1635601	60.546875	12.935484
36352	1645484	69.140625	11.203390
36608	1655534	67.968750	10.632184
36864	1665493	69.140625	11.632768
37120	1677158	60.156250	9.512987
37376	1688405	63.671875	11.944785
37632	1699859	62.890625	12.136646
37888	1709937	67.968750	10.793103
38144	1721227	63.671875	12.208589
38400	1732266	64.062500	11.213415
38656	1743549	62.890625	11.074534
38912	1753867	67.578125	11.664740
39168	1765850	60.937500	12.711538
39424	1777618	61.328125	11.898089
39680	1789054	64.843750	14.674699
39936	1799138	68.359375	11.337143
40192	1810025	64.843750	11.367470
40448	1822028	60.546875	12.277419
40704	1832527	66.015625	10.644970
40960	1842267	69.921875	11.396648
41216	1852922	67.187500	13.110465
41472	1863092	69.531250	13.314607
41728	1873115	69.140625	11.994350
41984	1883864	67.187500	13.656977
42240	1893928	67.578125	10.196532
42496	1903268	70.703125	10.165746
42752	1914125	64.843750	11.186747
43008	1924114	68.750000	11.301136
43264	1935486	63.671875	12.711656
43520	1945034	69.921875	10.324022
43776	1956133	63.281250	10.487654
44032	1967010	66.015625	12.881657
44288	1977358	66.015625	9.751479
44544	1987835	65.234375	9.443114
44800	1998884	66.015625	13.899408
45056	2008584	70.312500	11.666667
45312	2019835	64.453125	13.036364
45568	2030960	62.500000	9.531250
45824	2040819	70.703125	13.033149
46080	2052214	63.281250	12.314815
46336	2063676	62.500000	11.637500
46592	2075667	60.156250	11.629870
46848	2085756	69.140625	12.367232
47104	2095272	71.875000	12.586957
47360	2105686	68.359375	13.222857
47616	2116752	64.062500	11.378049
47872	2126689	69.921875	12.497207
48128	2136688	69.140625	11.858757
48384	2146258	70.312500	10.944444
48640	2156699	66.406250	10.829412
48896	2167010	67.578125	11.624277
49152	2177821	64.453125	10.369697
49408	2188185	66.796875	10.900585
49664	2199099	63.281250	9.345679
49920	2209565	66.015625	10.449704
50176	2220196	64.843750	9.825301
50432	2231008	64.843750	10.915663
50688	2241628	64.843750	9.759036
50944	2251724	67.968750	10.896552
51200	2261725	67.968750	10.350575
51456	2272855	63.281250	10.679012
51712	2284331	62.109375	11.169811
51968	2294223	68.750000	10.750000
52224	2303663	71.875000	12.173913
52480	2313382	69.921875	11.279330
52736	2323724	69.531250	14.280899
52992	2333310	71.875000	12.967391
53248	2343487	67.187500	10.331395
53504	2353112	70.703125	11.740331
53760	2363805	67.187500	13.331395
54016	2373293	71.093750	11.472527
54272	2384141	66.406250	13.223529
54528	2395118	66.406250	13.982353
54784	2404494	72.265625	12.302703
55040	2414486	67.968750	10.298851
55296	2424819	67.968750	12.258621
55552	2435215	67.187500	11.604651
55808	2444949	68.750000	9.852273
56064	2456142	63.281250	11.067901
56320	2467137	64.843750	12.018072
56576	2477582	68.359375	13.400000
56832	2487186	71.484375	12.590164
57088	2496840	73.046875	14.727273
57344	2507222	67.968750	12.540230
57600	2517105	69.140625	11.203390
57856	2526900	71.484375	13.633880
58112	2536674	69.140625	10.587571
58368	2546854	69.921875	13.854749
58624	2557540	67.968750	14.287356
58880	2566319	75.000000	12.390625
59136	2576623	67.968750	12.091954
