256	22498	13.281250	8.764706
512	40971	31.640625	12.012346
768	55537	50.000000	13.796875
1024	68600	58.203125	15.859060
1280	81969	57.031250	16.226027
1536	93842	62.890625	14.739130
1792	105437	62.890625	13.012422
2048	116757	64.843750	13.975904
2304	127835	66.796875	15.076023
2560	138418	68.359375	14.188571
2816	148707	69.531250	13.983146
3072	157895	75.000000	14.520833
3328	165842	79.296875	13.039409
3584	173133	81.640625	12.397129
3840	181153	78.906250	12.970297
4096	187580	85.937500	12.850000
4352	193736	87.500000	13.196429
4608	199253	89.843750	12.682609
4864	204783	89.843750	12.739130
5120	211177	85.156250	11.899083
5376	215923	92.968750	12.378151
5632	220829	92.187500	12.313559
5888	225303	93.750000	11.975000
6144	229825	93.750000	12.175000
6400	234189	94.531250	12.247934
6656	238165	95.703125	11.738776
6912	242035	96.093750	11.666667
7168	246294	95.703125	12.893878
7424	250486	95.312500	12.262295
7680	254104	96.875000	11.362903
7936	257597	97.656250	11.572000
8192	261202	97.265625	11.666667
8448	265509	94.531250	12.012397
8704	269268	96.875000	11.931452
8960	273204	96.093750	11.934959
9216	276813	98.046875	12.386454
9472	280753	96.093750	11.951220
9728	284464	96.875000	11.737903
9984	287876	97.656250	11.248000
10240	291558	97.265625	11.975904
10496	294935	97.656250	11.108000
10752	298707	96.875000	11.983871
11008	302201	97.265625	11.220884
11264	305317	98.828125	11.130435
11520	309395	95.703125	12.155102
11776	312638	98.828125	11.632411
12032	316084	97.656250	11.384000
12288	319516	97.656250	11.328000
12544	322901	97.656250	11.140000
12800	326082	98.046875	10.681275
13056	329574	97.265625	11.212851
13312	332918	97.656250	10.976000
13568	336154	98.437500	11.253968
13824	339732	97.656250	11.912000
14080	342727	98.437500	10.297619
14336	346104	97.656250	11.108000
14592	349911	96.484375	11.769231
14848	353880	94.140625	10.244813
15104	358232	93.359375	11.096234
15360	361850	96.093750	10.642276
15616	365692	94.921875	10.460905
15872	370140	92.187500	10.372881
16128	373890	95.703125	10.816327
16384	378236	92.968750	10.697479
16640	381957	95.703125	10.697959
16896	385965	94.921875	11.144033
17152	389728	96.093750	11.231707
17408	393633	95.312500	11.086066
17664	396980	97.265625	10.630522
17920	401117	93.359375	10.196653
18176	404864	95.312500	10.438525
18432	409101	93.750000	10.987500
18688	412863	95.312500	10.500000
18944	416767	95.703125	11.444898
19200	420706	94.531250	10.491736
19456	424797	94.140625	10.751037
19712	429229	92.187500	10.305085
19968	432857	95.703125	10.318367
20224	437321	92.187500	10.440678
20480	441891	91.796875	10.510638
20736	446166	92.968750	10.399160
20992	450305	93.750000	10.579167
21248	455063	90.234375	9.774892
21504	459531	91.406250	9.692308
21760	464278	91.015625	10.502146
22016	468029	94.921875	10.086420
22272	473253	88.671875	10.237885
22528	477422	93.359375	10.330544
22784	482238	89.843750	9.634783
23040	487491	89.062500	10.758772
23296	491993	91.796875	10.221277
23552	496720	90.625000	10.030172
23808	501435	91.406250	10.747863
24064	506443	89.453125	10.078603
24320	510897	92.187500	10.398305
24576	515258	92.187500	10.004237
24832	519906	91.015625	10.077253
25088	524782	89.453125	9.502183
25344	529851	89.062500	9.951754
25600	536152	83.593750	9.817757
25856	541639	87.500000	10.209821
26112	546731	88.671875	9.656388
26368	552335	86.718750	9.927928
26624	558136	85.937500	10.004545
26880	563613	87.109375	9.762332
27136	568709	89.062500	10.070175
27392	574551	85.546875	9.780822
27648	580646	84.375000	9.699074
27904	586619	84.375000	9.134259
28160	593056	83.593750	10.453271
28416	598661	86.328125	9.524887
28672	604761	84.375000	9.722222
28928	611040	83.984375	10.134884
29184	616439	87.109375	9.412556
29440	622371	84.765625	9.364055
29696	627761	87.500000	9.776786
29952	634631	80.859375	9.516908
30208	640693	84.765625	9.963134
30464	647143	83.593750	10.514019
30720	653259	84.765625	10.211982
30976	660287	80.468750	9.844660
31232	666680	82.812500	9.400943
31488	672247	86.718750	9.761261
31744	679663	78.515625	9.532338
32000	686909	79.296875	9.586207
32256	693865	81.250000	10.365385
32512	701799	76.562500	9.867347
32768	708770	80.468750	9.567961
33024	715018	83.203125	9.145540
33280	720959	85.156250	9.821101
33536	727012	83.984375	9.083721
33792	733670	82.031250	9.800000
34048	740997	79.296875	9.985222
34304	746820	85.156250	9.279817
34560	753399	82.421875	9.853081
34816	759749	83.593750	10.046729
35072	767198	78.125000	9.245000
35328	773703	82.812500	9.929245
35584	780446	81.250000	9.341346
35840	786940	82.031250	9.019048
36096	794112	78.906250	8.772277
36352	801535	78.125000	9.115000
36608	807819	83.593750	9.738318
36864	814488	82.031250	9.852381
37120	821027	83.203125	10.511737
37376	827383	83.593750	10.074766
37632	834787	79.296875	10.364532
37888	841849	80.468750	10.009709
38144	848756	81.250000	10.129808
38400	855298	82.031250	9.247619
38656	862296	80.468750	9.699029
38912	869954	77.734375	9.839196
39168	876714	81.640625	9.856459
39424	883414	81.250000	9.134615
39680	889509	84.375000	9.699074
39936	895939	82.812500	9.575472
40192	902965	80.859375	10.270531
40448	909748	81.640625	9.966507
40704	917285	78.125000	9.685000
40960	923921	82.031250	9.695238
41216	930653	81.640625	9.722488
41472	936952	83.984375	10.227907
41728	943030	84.765625	10.036866
41984	950156	80.078125	9.882927
42240	957444	78.906250	9.346535
42496	964107	81.640625	9.392344
42752	971292	80.078125	10.170732
43008	978212	81.250000	10.192308
43264	984623	83.984375	10.748837
43520	991086	83.593750	10.574766
43776	996225	88.671875	9.863436
44032	1003064	80.859375	9.367150
44288	1010369	78.906250	9.430693
44544	1017273	81.250000	10.115385
44800	1023314	84.375000	9.449074
45056	1030286	82.031250	11.295238
45312	1037606	78.906250	9.504950
45568	1044823	79.687500	9.887255
45824	1052080	80.859375	11.386473
46080	1059092	81.250000	10.634615
46336	1065579	83.203125	10.267606
46592	1071573	85.156250	10.064220
46848	1078263	82.421875	10.379147
47104	1084275	84.765625	9.732719
47360	1092171	77.734375	11.035176
47616	1098185	83.984375	8.902326
47872	1104771	83.593750	11.149533
48128	1111072	84.375000	10.652778
48384	1117105	85.156250	10.243119
48640	1123932	82.421875	11.028436
48896	1130717	81.640625	9.976077
49152	1137921	80.468750	10.699029
49408	1145163	80.468750	10.883495
49664	1151763	82.812500	10.377358
49920	1157942	83.984375	9.669767
50176	1165241	79.687500	10.289216
50432	1170674	88.281250	10.765487
50688	1178600	76.953125	10.284264
50944	1185177	83.203125	10.690141
51200	1191047	85.937500	10.318182
51456	1197482	82.812500	9.599057
51712	1203991	83.203125	10.370892
51968	1210524	83.203125	10.483568
52224	1217873	79.296875	10.093596
52480	1223560	86.718750	10.301802
52736	1230918	79.296875	10.137931
52992	1236155	88.281250	9.898230
53248	1243978	78.515625	11.557214
53504	1250913	81.250000	10.264423
53760	1256702	85.937500	9.950000
54016	1263158	83.984375	10.958140
54272	1269620	83.984375	10.986047
54528	1276378	81.250000	9.413462
54784	1283304	81.640625	10.650718
55040	1290410	81.640625	11.511962
55296	1297589	80.468750	10.577670
55552	1303663	85.156250	10.431193
55808	1309616	85.937500	10.695455
56064	1315866	83.593750	9.579439
56320	1322472	82.031250	9.552381
56576	1329066	82.421875	9.924171
56832	1335295	83.984375	9.902326
57088	1341441	85.156250	10.761468
57344	1348266	83.203125	11.854460
57600	1354554	84.375000	10.592593
57856	1360173	87.109375	10.399103
58112	1367180	82.812500	12.297170
58368	1373018	85.937500	10.172727
58624	1379513	82.421875	9.454976
58880	1386185	82.421875	10.293839
59136	1392421	83.984375	9.934884
59392	1399626	80.468750	10.703883
59648	1406541	82.421875	11.445498
59904	1413403	82.421875	11.194313
60160	1419226	87.500000	11.709821
60416	1425378	84.375000	9.962963
60672	1432334	81.640625	10.794258
60928	1439732	79.687500	10.774510
61184	1445830	85.546875	10.949772
61440	1452904	80.468750	10.067961
61696	1459395	83.593750	10.705607
61952	1466161	82.421875	10.739336
62208	1472427	83.984375	10.074419
62464	1478966	83.203125	10.511737
62720	1485801	82.031250	10.642857
62976	1492390	83.984375	11.576744
63232	1499376	80.468750	9.640777
63488	1505297	86.328125	10.954751
63744	1512205	82.421875	11.412322
64000	1519191	82.031250	11.361905
64256	1525768	83.593750	11.107477
64512	1532787	81.640625	11.095694
64768	1539378	83.593750	11.172897
65024	1546180	83.203125	11.746479
65280	1552379	84.765625	10.594470
65536	1559124	81.640625	9.784689
65792	1565179	85.156250	10.344037
66048	1571869	83.203125	11.220657
66304	1577896	86.328125	11.434389
66560	1584429	83.593750	10.901869
66816	1591160	82.812500	10.995283
67072	1596678	87.890625	10.746667
67328	1603590	81.640625	10.583732
67584	1609964	84.765625	11.400922
67840	1617058	83.203125	13.117371
68096	1623258	84.375000	10.185185
68352	1629609	84.765625	11.294931
68608	1635952	84.765625	11.258065
68864	1642943	81.250000	10.533654
69120	1650093	82.421875	12.559242
69376	1656602	83.984375	11.204651
69632	1663636	80.859375	10.309179
69888	1669756	85.156250	10.642202
70144	1675869	85.546875	11.018265
70400	1682417	84.375000	11.796296
70656	1688817	86.718750	13.513514
70912	1695615	82.812500	11.311321
71168	1702011	84.765625	11.502304
71424	1708231	85.546875	11.506849
71680	1713770	88.671875	11.625551
71936	1721544	78.906250	11.752475
72192	1727567	86.328125	11.416290
72448	1734185	82.812500	10.462264
72704	1741182	82.812500	12.250000
72960	1748799	80.468750	12.703883
73216	1754296	87.500000	10.254464
73472	1759823	87.500000	10.388393
73728	1766457	84.765625	12.599078
73984	1773730	80.078125	10.600000
74240	1780455	83.593750	11.799065
74496	1787274	82.031250	10.566667
74752	1793648	86.718750	13.396396
75008	1800037	85.156250	11.876147
75264	1806533	85.546875	12.767123
75520	1813467	82.421875	11.535545
75776	1820919	81.640625	13.167464
76032	1827217	84.375000	10.638889
76288	1834153	82.031250	11.123810
76544	1840104	86.328125	11.090498
76800	1846241	86.718750	12.328829
77056	1853024	82.421875	10.819905
77312	1859843	83.593750	12.238318
77568	1866024	86.328125	12.131222
77824	1872613	84.765625	12.391705
78080	1878019	88.281250	10.646018
78336	1884185	85.546875	11.260274
78592	1890174	85.156250	10.041284
78848	1895835	86.718750	10.184685
79104	1902561	82.031250	10.123810
79360	1908691	85.546875	11.095890
79616	1915017	84.765625	11.179724
79872	1921844	82.421875	11.028436
80128	1928579	84.375000	12.662037
80384	1934923	84.765625	11.262673
80640	1941309	83.984375	10.632558
80896	1946124	91.796875	11.553191
81152	1950984	90.234375	10.216450
81408	1956867	86.718750	11.184685
81664	1962804	86.718750	11.427928
81920	1969271	83.984375	11.009302
82176	1975267	86.718750	11.693694
82432	1981374	85.156250	10.582569
82688	1987820	84.765625	11.732719
82944	1994670	83.203125	11.971831
83200	2000560	86.718750	11.216216
83456	2006889	84.375000	10.782407
83712	2014258	81.250000	12.350962
83968	2020558	84.765625	11.059908
84224	2027193	84.765625	12.603687
84480	2033055	86.718750	11.090090
84736	2039420	84.765625	11.359447
84992	2044907	89.062500	11.785088
85248	2051329	83.203125	9.962441
85504	2057591	86.328125	12.497738
85760	2062884	88.281250	10.146018
86016	2068539	87.890625	11.355556
86272	2074738	85.546875	11.410959
86528	2080947	85.546875	11.456621
86784	2087955	81.640625	11.043062
87040	2093667	86.718750	10.414414
87296	2099273	87.500000	10.741071
87552	2105452	85.546875	11.319635
87808	2111222	85.937500	9.863636
88064	2116671	90.234375	12.766234
88320	2122352	87.500000	11.075893
88576	2129654	82.031250	12.866667
88832	2135406	87.500000	11.392857
89088	2141349	85.546875	10.242009
89344	2147516	85.546875	11.264840
89600	2153535	85.937500	10.995455
89856	2160124	83.593750	11.163551
90112	2166133	87.109375	12.147982
90368	2172138	88.671875	13.678414
90624	2179070	85.156250	14.366972
90880	2184452	89.062500	11.324561
91136	2189969	88.281250	11.137168
91392	2195573	87.500000	10.732143
91648	2201115	87.890625	10.853333
91904	2206742	88.281250	11.623894
92160	2212856	85.546875	11.022831
92416	2219115	86.328125	12.484163
92672	2225517	85.156250	11.935780
92928	2231733	85.937500	11.890909
93184	2239167	81.250000	12.663462
93440	2245741	84.765625	12.322581
93696	2252005	85.937500	12.109091
93952	2257516	87.500000	10.316964
94208	2263680	85.156250	10.844037
94464	2269764	86.328125	11.692308
94720	2275568	87.500000	11.625000
94976	2281218	87.890625	11.333333
95232	2287360	85.937500	11.554545
95488	2293276	88.281250	12.902655
95744	2300608	81.250000	12.173077
96000	2306378	87.890625	11.866667
96256	2312089	87.500000	11.209821
96512	2317579	88.281250	11.017699
96768	2324012	83.984375	10.851163
97024	2330380	84.765625	11.373272
97280	2336959	82.812500	10.278302
97536	2342773	87.109375	11.273543
97792	2350048	80.859375	11.473430
98048	2355927	86.718750	11.166667
98304	2361404	87.890625	10.564444
98560	2366239	92.578125	12.383966
98816	2372119	86.328125	10.769231
99072	2377767	87.109375	10.529148
99328	2383666	85.937500	10.450000
99584	2390296	82.812500	10.518868
99840	2396465	84.765625	10.456221
100096	2402299	86.328125	10.561086
100352	2408680	84.765625	11.433180
100608	2415067	83.984375	10.637209
100864	2422285	81.640625	12.047847
101120	2428131	87.500000	11.812500
101376	2434245	85.156250	10.614679
101632	2440944	84.765625	12.898618
101888	2447467	83.203125	10.436620
102144	2454363	82.421875	11.355450
102400	2460360	85.937500	10.895455
102656	2467165	83.203125	11.760563
102912	2473050	86.718750	11.193694
103168	2480532	81.250000	12.894231
103424	2485920	87.890625	10.168889
103680	2492300	84.765625	11.428571
103936	2498210	87.890625	12.488889
104192	2504303	85.937500	11.331818
104448	2509913	87.500000	10.758929
104704	2515284	88.671875	10.885463
104960	2521749	84.375000	11.412037
105216	2527401	87.500000	10.946429
105472	2534096	83.203125	11.244131
105728	2540516	85.546875	12.420091
105984	2548002	80.859375	12.492754
106240	2553908	87.500000	12.080357
106496	2559997	87.109375	12.506726
106752	2566225	86.718750	12.738739
107008	2572020	87.109375	11.188341
107264	2577751	87.500000	11.299107
107520	2584373	83.593750	11.317757
107776	2589705	88.281250	10.318584
108032	2596187	86.718750	13.882883
108288	2602380	84.765625	10.566820
108544	2608143	88.671875	12.612335
108800	2615011	82.031250	10.800000
109056	2620355	91.015625	13.064378
109312	2626227	87.109375	11.533632
109568	2632111	86.328125	10.787330
109824	2637694	87.500000	10.638393
110080	2643737	86.328125	11.506787
110336	2649432	87.109375	10.739910
110592	2655173	87.500000	11.343750
110848	2660868	88.671875	12.312775
111104	2666962	85.937500	11.336364
111360	2673688	83.203125	11.389671
111616	2679491	86.718750	10.824324
111872	2684554	90.234375	11.095238
112128	2690873	85.937500	12.359091
112384	2697366	86.328125	13.542986
112640	2703253	85.546875	9.986301
112896	2709945	83.984375	12.055814
113152	2715837	87.109375	11.623318
113408	2721773	86.328125	11.022624
113664	2728003	86.328125	12.352941
113920	2733330	89.453125	11.471616
114176	2739724	85.546875	12.301370
114432	2745776	85.937500	11.145455
114688	2751540	87.500000	11.446429
114944	2758049	84.375000	11.615741
115200	2764198	85.156250	10.775229
115456	2770277	87.109375	12.461883
115712	2775965	87.890625	11.502222
115968	2782943	82.812500	12.160377
116224	2789699	83.984375	12.353488
116480	2795374	90.625000	14.116379
116736	2801500	85.937500	11.481818
116992	2806533	90.234375	10.965368
117248	2812387	86.718750	11.054054
117504	2818043	88.671875	12.140969
117760	2823924	86.718750	11.175676
118016	2829608	88.671875	12.264317
118272	2836147	84.765625	12.161290
118528	2842312	85.546875	11.255708
118784	2848643	83.984375	10.376744
119040	2855133	84.765625	11.935484
119296	2861146	85.546875	10.561644
119552	2867077	88.671875	13.352423
119808	2873288	85.546875	11.465753
120064	2878953	87.109375	10.605381
120320	2885510	85.156250	12.646789
120576	2892351	82.421875	11.094787
120832	2897968	87.500000	10.790179
121088	2903094	89.843750	10.982609
121344	2908685	87.500000	10.674107
121600	2915587	82.812500	11.801887
121856	2921557	86.718750	11.576577
122112	2927207	87.500000	10.937500
122368	2933749	85.546875	12.977169
122624	2939008	89.843750	11.560870
122880	2945254	86.718750	12.819820
123136	2951432	84.765625	10.497696
123392	2957433	84.765625	9.682028
123648	2963122	88.281250	11.898230
123904	2969622	83.984375	11.162791
124160	2975636	86.718750	11.774775
124416	2981210	88.281250	11.389381
124672	2987821	83.203125	10.849765
124928	2992928	90.234375	11.285714
125184	2998179	88.671875	10.356828
125440	3004391	86.718750	12.666667
125696	3010764	85.546875	12.205479
125952	3015899	89.453125	10.633188
126208	3021641	86.718750	10.549550
126464	3026869	88.281250	9.858407
126720	3033602	83.984375	12.246512
126976	3039491	87.109375	11.609865
127232	3046696	81.640625	11.985646
127488	3052768	87.890625	13.208889
127744	3058831	85.937500	11.195455
128000	3064822	85.937500	10.868182
128256	3071303	85.937500	13.095455
128512	3077058	87.500000	11.406250
128768	3083719	85.156250	13.123853
129024	3089175	88.671875	11.259912
129280	3096128	83.593750	12.864486
129536	3101979	85.937500	10.231818
129792	3107390	89.062500	11.451754
130048	3113074	89.453125	13.030568
130304	3118953	87.500000	11.959821
130560	3125379	85.937500	12.845455
130816	3132104	85.156250	13.417431
131072	3137423	89.843750	11.821739
131328	3143185	87.109375	11.040359
131584	3149512	85.546875	11.995434
131840	3155385	87.109375	11.538117
132096	3160693	89.062500	11.000000
132352	3166498	87.890625	12.022222
132608	3172533	86.718750	11.869369
132864	3178274	87.500000	11.343750
133120	3184427	85.546875	11.200913
133376	3190983	84.375000	11.833333
133632	3197567	85.156250	12.770642
133888	3202690	89.843750	10.969565
134144	3208978	84.375000	10.592593
134400	3214945	87.500000	12.352679
134656	3221060	87.500000	13.013393
134912	3226279	90.234375	11.770563
135168	3231388	90.625000	11.676724
135424	3236607	89.062500	10.609649
135680	3241552	91.015625	11.351931
135936	3248268	84.765625	12.976959
136192	3254977	85.156250	13.344037
136448	3260577	88.671875	11.894273
136704	3266372	87.500000	11.584821
136960	3273174	83.984375	12.567442
137216	3278692	88.671875	11.533040
137472	3283908	90.234375	11.757576
137728	3289502	88.281250	11.477876
137984	3295433	87.500000	12.191964
138240	3301899	83.593750	10.588785
138496	3308216	86.328125	12.746606
138752	3314116	87.890625	12.444444
139008	3320013	86.718750	11.247748
139264	3325727	88.671875	12.396476
139520	3332698	82.812500	12.127358
139776	3338322	87.890625	11.217778
140032	3344320	85.937500	10.900000
140288	3350006	88.281250	11.884956
140544	3355800	87.500000	11.580357
140800	3361523	87.109375	10.865471
141056	3367131	86.328125	9.538462
141312	3373419	85.546875	11.817352
141568	3379302	87.890625	12.368889
141824	3385173	87.500000	11.924107
142080	3391187	86.718750	11.774775
142336	3396555	88.671875	10.872247
142592	3402014	89.453125	12.048035
142848	3409211	81.250000	11.524038
143104	3415184	85.546875	10.378995
143360	3421018	86.328125	10.561086
143616	3427039	87.890625	12.982222
143872	3432134	89.453125	10.458515
144128	3438615	85.156250	12.298165
144384	3444913	85.937500	12.263636
144640	3451275	85.937500	12.554545
144896	3457112	88.671875	12.938326
145152	3462882	87.500000	11.473214
145408	3468325	88.281250	10.809735
145664	3473711	88.281250	10.557522
145920	3479724	87.109375	12.165919
146176	3486042	85.937500	12.354545
146432	3492753	85.156250	13.353211
146688	3498253	88.671875	11.453744
146944	3504630	83.593750	10.172897
147200	3511240	83.984375	11.674419
147456	3516313	89.843750	10.752174
147712	3522579	85.937500	12.118182
147968	3527389	91.796875	11.531915
148224	3533639	83.984375	10.000000
148480	3539200	88.671875	11.722467
148736	3546406	82.812500	13.235849
148992	3552559	85.156250	10.793578
149248	3558047	89.062500	11.789474
149504	3564382	84.375000	10.810185
149760	3570972	84.375000	11.990741
150016	3577458	85.546875	12.721461
150272	3583499	86.718750	11.896396
150528	3589694	85.937500	11.795455
150784	3595798	85.937500	11.381818
151040	3601378	87.890625	11.022222
151296	3607003	88.671875	12.004405
151552	3613207	86.718750	12.630631
151808	3620270	82.812500	12.561321
152064	3626642	84.765625	11.391705
152320	3632500	87.109375	11.470852
152576	3638871	85.156250	11.793578
152832	3645134	85.546875	11.703196
153088	3650759	88.281250	11.615044
153344	3656054	89.453125	11.331878
153600	3662641	83.984375	11.567442
153856	3668861	84.375000	10.277778
154112	3674475	88.281250	11.566372
154368	3679824	89.062500	11.179825
154624	3686160	85.546875	12.036530
154880	3691949	88.281250	12.340708
155136	3698440	85.156250	12.344037
155392	3704779	85.156250	11.646789
155648	3711057	86.328125	12.570136
155904	3716688	89.062500	12.416667
156160	3722976	85.937500	12.218182
156416	3728126	90.234375	11.471861
156672	3734441	85.156250	11.536697
156928	3739702	88.671875	10.400881
157184	3746450	83.593750	11.906542
157440	3752209	88.281250	12.207965
157696	3757714	89.453125	12.248908
157952	3763583	87.500000	11.915179
158208	3769168	87.890625	11.044444
158464	3775451	86.328125	12.592760
158720	3781506	86.328125	11.561086
158976	3786809	89.843750	11.752174
159232	3791520	91.406250	10.730769
159488	3797749	87.500000	13.522321
159744	3804294	85.546875	12.990868
160000	3809844	88.281250	11.283186
160256	3816426	86.718750	14.333333
160512	3822352	88.281250	12.946903
160768	3827681	88.671875	10.700441
161024	3833742	87.109375	12.381166
161280	3840121	85.156250	11.830275
161536	3846060	87.890625	12.617778
161792	3852717	85.546875	13.502283
162048	3858070	89.453125	11.585153
162304	3864208	87.500000	13.116071
162560	3871190	83.984375	13.404651
162816	3877681	85.156250	12.344037
163072	3883756	85.937500	11.250000
163328	3889554	88.671875	12.766520
163584	3895637	86.328125	11.687783
163840	3902464	84.765625	13.488479
164096	3908314	88.281250	12.610619
164352	3914764	85.156250	12.155963
164608	3921091	85.156250	11.591743
164864	3928181	82.812500	12.688679
165120	3934232	85.937500	11.140909
165376	3939550	89.843750	11.817391
165632	3945482	87.109375	11.802691
165888	3952480	83.203125	12.666667
166144	3959006	85.156250	12.504587
166400	3964799	87.890625	11.968889
166656	3971631	85.156250	13.908257
166912	3978012	85.156250	11.839450
167168	3983582	87.109375	10.179372
167424	3988669	89.843750	10.813043
167680	3994708	86.328125	11.488688
167936	4001351	84.375000	12.236111
168192	4007404	86.328125	11.552036
168448	4013152	86.718750	10.576577
168704	4018941	88.281250	12.340708
168960	4024872	85.937500	10.595455
169216	4031298	85.156250	12.045872
169472	4037709	83.593750	10.331776
169728	4043251	87.500000	10.455357
169984	4048672	89.062500	11.495614
170240	4055093	84.765625	11.617512
170496	4062437	81.250000	12.230769
170752	4068364	86.328125	10.981900
171008	4073498	89.843750	11.017391
171264	4079177	87.890625	11.462222
171520	4084702	89.843750	12.717391
171776	4091226	84.375000	11.685185
172032	4097203	87.500000	12.397321
172288	4103269	86.718750	12.009009
172544	4109390	85.546875	11.054795
172800	4115858	83.984375	11.013953
173056	4122469	83.984375	11.679070
173312	4129766	80.078125	10.717073
173568	4135402	87.890625	11.271111
173824	4141194	87.500000	11.571429
174080	4147173	87.500000	12.406250
174336	4152406	88.671875	10.277533
174592	4158918	84.765625	12.036866
174848	4165033	86.328125	11.832579
175104	4171006	88.281250	13.154867
175360	4175994	90.234375	10.770563
175616	4181475	88.281250	10.977876
175872	4188116	83.984375	11.818605
176128	4193563	90.234375	12.757576
176384	4199205	87.109375	10.502242
176640	4205447	85.546875	11.607306
176896	4211377	88.671875	13.348018
177152	4218149	82.031250	10.342857
177408	4223864	87.500000	11.227679
177664	4229695	88.671875	12.911894
177920	4236850	82.031250	12.166667
178176	4243199	85.937500	12.495455
178432	4249360	86.718750	12.436937
178688	4255630	86.328125	12.533937
178944	4261794	85.546875	11.251142
179200	4267846	86.328125	11.547511
179456	4274099	86.328125	12.457014
179712	4279214	90.625000	11.702586
179968	4285287	86.718750	12.040541
180224	4291671	85.546875	12.255708
180480	4297705	85.937500	11.063636
180736	4304079	85.546875	12.210046
180992	4309879	87.500000	11.607143
181248	4315812	85.546875	10.196347
181504	4322586	84.765625	13.244240
181760	4328750	87.890625	13.617778
182016	4335570	84.375000	13.055556
182272	4341332	87.500000	11.437500
182528	4347452	87.500000	13.035714
182784	4353701	87.500000	13.611607
183040	4359385	89.062500	12.649123
183296	4366239	83.203125	11.990610
183552	4372622	85.546875	12.251142
183808	4378341	86.718750	10.445946
184064	4384639	83.593750	9.803738
184320	4391143	85.546875	12.803653
184576	4397706	84.765625	12.271889
184832	4403451	87.500000	11.361607
185088	4408470	89.843750	10.517391
185344	4414559	89.453125	14.799127
185600	4420737	87.890625	13.680000
185856	4427048	85.546875	11.922374
186112	4433155	85.156250	10.582569
186368	4439051	86.718750	11.243243
186624	4444709	88.671875	12.149780
186880	4450504	87.890625	11.977778
187136	4457393	84.375000	13.375000
187392	4464104	83.593750	11.733645
187648	4470216	87.890625	13.386667
187904	4476233	87.500000	12.575893
188160	4482100	89.453125	13.829694
188416	4488117	86.718750	11.788288
188672	4493866	87.890625	11.773333
188928	4500095	85.546875	11.547945
189184	4505473	89.062500	11.307018
189440	4511974	84.375000	11.578704
189696	4516915	90.625000	10.952586
189952	4522495	87.890625	11.022222
190208	4528856	85.937500	12.550000
190464	4534777	87.109375	11.753363
190720	4541524	83.593750	11.901869
190976	4547335	86.718750	10.860360
191232	4553425	87.500000	12.901786
191488	4560142	86.328125	14.556561
191744	4566477	84.375000	10.810185
192000	4572548	87.109375	12.426009
192256	4578255	86.328125	9.986425
192512	4584203	87.109375	11.874439
192768	4590264	86.718750	11.986486
193024	4596161	87.109375	11.645740
193280	4601878	88.281250	12.022124
193536	4607689	87.500000	11.656250
193792	4613529	86.718750	10.990991
194048	4619658	85.156250	10.683486
194304	4626568	83.984375	13.069767
194560	4632663	85.156250	10.527523
194816	4638549	87.500000	11.991071
195072	4645579	81.640625	11.148325
195328	4651523	87.890625	12.640000
195584	4657911	86.328125	13.067873
195840	4663838	87.890625	12.564444
196096	4668935	89.453125	10.467249
196352	4675799	82.421875	11.203791
196608	4681805	86.718750	11.738739
196864	4687964	85.546875	11.228311
197120	4694403	84.375000	11.291667
197376	4700604	85.937500	11.822727
197632	4705804	89.453125	10.917031
197888	4711822	87.500000	12.580357
198144	4718064	85.937500	12.009091
198400	4724027	86.328125	11.144796
198656	4730258	87.500000	13.531250
198912	4736636	86.718750	13.414414
199168	4742396	87.500000	11.428571
199424	4748628	86.718750	12.756757
199680	4754583	87.500000	12.299107
199936	4760334	89.062500	12.942982
200192	4766418	87.109375	12.484305
200448	4771552	91.406250	12.538462
200704	4778863	82.812500	13.731132
200960	4783622	90.625000	10.168103
201216	4790089	84.765625	11.829493
201472	4795975	87.500000	11.991071
201728	4801819	88.281250	12.584071
201984	4807998	86.718750	12.518018
202240	4813850	88.671875	13.004405
202496	4819554	87.890625	11.573333
202752	4825864	85.546875	11.917808
203008	4831904	87.109375	12.286996
203264	4838540	85.156250	13.009174
203520	4844806	86.328125	12.515837
203776	4851132	85.937500	12.390909
204032	4857205	85.937500	11.240909
204288	4862878	87.500000	11.040179
204544	4868853	87.890625	12.777778
204800	4875352	84.765625	11.976959
205056	4882118	84.765625	13.207373
205312	4888352	85.156250	11.165138
205568	4894147	87.500000	11.584821
205824	4901222	83.203125	13.028169
206080	4907863	85.546875	13.429224
206336	4913854	86.328125	11.271493
206592	4920793	85.156250	14.399083
206848	4926758	87.500000	12.343750
207104	4932038	90.234375	12.034632
207360	4937471	88.671875	11.158590
207616	4943805	84.765625	11.216590
207872	4950002	85.546875	11.401826
208128	4955725	87.109375	10.865471
208384	4962174	87.890625	14.884444
208640	4968858	84.765625	12.829493
208896	4974654	88.281250	12.371681
209152	4980028	90.625000	12.818966
209408	4985873	86.718750	11.013514
209664	4991909	86.328125	11.475113
209920	4998815	83.203125	12.234742
210176	5004651	88.281250	12.548673
210432	5010570	87.500000	12.138393
210688	5016777	85.546875	11.447489
210944	5022828	86.718750	11.941441
211200	5028615	86.718750	10.752252
211456	5034936	87.500000	13.933036
211712	5041428	84.765625	11.944700
211968	5047955	85.156250	12.509174
212224	5055340	82.421875	13.672986
212480	5061275	87.109375	11.816143
212736	5066804	89.843750	12.734783
212992	5073401	84.765625	12.428571
213248	5079082	87.500000	11.075893
213504	5085292	87.109375	13.049327
213760	5091443	86.718750	12.391892
214016	5097276	88.671875	12.920705
214272	5103860	85.156250	12.770642
214528	5109280	89.453125	11.877729
214784	5115525	85.937500	12.022727
215040	5121496	87.109375	11.977578
215296	5127186	88.671875	12.290749
215552	5134183	83.984375	13.474419
215808	5140834	83.984375	11.865116
216064	5147411	86.328125	13.923077
216320	5153551	86.328125	11.945701
216576	5158924	89.062500	11.285088
216832	5164369	89.453125	11.986900
217088	5169684	90.625000	12.564655
217344	5176583	83.203125	12.201878
217600	5182250	87.890625	11.408889
217856	5188069	87.500000	11.691964
218112	5193968	87.500000	12.049107
218368	5199345	89.843750	12.073913
218624	5205053	87.500000	11.196429
218880	5211713	85.546875	13.515982
219136	5217695	85.546875	10.420091
219392	5223631	88.281250	12.991150
219648	5228999	87.890625	10.080000
219904	5234345	90.625000	12.698276
220160	5240703	85.546875	12.136986
220416	5247594	84.375000	13.384259
220672	5253205	89.062500	12.328947
220928	5259595	86.328125	13.076923
221184	5265417	88.281250	12.486726
221440	5271894	87.500000	14.629464
221696	5277908	87.500000	12.562500
221952	5284709	86.328125	14.936652
222208	5290648	88.281250	13.004425
222464	5296091	89.062500	11.592105
222720	5302386	85.937500	12.250000
222976	5308405	88.281250	13.358407
223232	5314190	88.281250	12.323009
223488	5320116	87.109375	11.775785
223744	5326531	85.937500	12.795455
224000	5331935	89.453125	11.807860
224256	5338578	85.156250	13.041284
224512	5345142	84.765625	12.276498
224768	5350559	89.062500	11.478070
225024	5356987	84.375000	11.240741
225280	5363318	85.546875	12.013699
225536	5368680	88.671875	10.845815
225792	5373320	92.187500	11.186441
226048	5379060	89.062500	12.894737
226304	5384132	90.234375	11.134199
226560	5389944	87.109375	11.264574
226816	5396342	84.765625	11.511521
227072	5402586	85.937500	12.018182
227328	5409626	84.765625	14.470046
227584	5416068	84.765625	11.714286
227840	5422990	83.984375	13.125581
228096	5429405	86.328125	13.190045
228352	5434878	89.843750	12.491304
228608	5440364	89.843750	12.547826
228864	5445795	89.062500	11.539474
229120	5451901	86.328125	11.791855
229376	5458284	85.546875	12.251142
229632	5464210	87.500000	12.169643
229888	5469901	88.671875	12.295154
230144	5476356	85.156250	12.178899
230400	5482210	89.062500	13.394737
230656	5488422	87.109375	13.058296
230912	5494152	87.890625	11.688889
231168	5500239	87.500000	12.888393
231424	5507127	82.812500	11.735849
231680	5513566	86.328125	13.298643
231936	5520670	83.984375	13.972093
232192	5526013	90.234375	12.307359
232448	5531876	87.109375	11.493274
232704	5537817	85.937500	10.640909
232960	5544031	85.546875	11.479452
233216	5549198	90.234375	11.545455
233472	5555672	84.375000	11.453704
233728	5561426	87.109375	11.004484
233984	5567824	84.765625	11.511521
234240	5573818	87.109375	12.080717
234496	5579901	87.890625	13.257778
234752	5585515	89.843750	13.104348
235008	5591186	87.500000	11.031250
235264	5597890	84.375000	12.518519
235520	5602896	90.234375	10.848485
235776	5608726	87.500000	11.741071
236032	5615756	82.812500	12.405660
236288	5622200	85.937500	12.927273
236544	5629634	82.031250	13.495238
236800	5635583	88.281250	13.048673
237056	5641981	84.375000	11.101852
237312	5647871	88.281250	12.787611
237568	5655286	82.812500	14.221698
237824	5661452	85.937500	11.663636
238080	5668605	82.812500	12.985849
238336	5674068	87.500000	10.102679
238592	5680004	87.109375	11.820628
238848	5686777	85.156250	13.637615
239104	5693906	82.421875	12.459716
239360	5699728	89.453125	13.633188
239616	5706547	84.375000	13.050926
239872	5712387	85.937500	10.181818
240128	5718120	88.671875	12.480176
240384	5725287	82.421875	12.639810
240640	5731525	87.500000	13.562500
240896	5737487	87.500000	12.330357
241152	5743029	89.062500	12.026316
241408	5748538	89.062500	11.881579
241664	5754545	87.890625	12.920000
241920	5760449	88.281250	12.849558
242176	5766961	83.984375	11.218605
242432	5773481	85.546875	12.876712
242688	5781118	82.031250	14.461905
242944	5787511	85.156250	11.894495
243200	5793083	89.062500	12.157895
243456	5798441	90.625000	12.750000
243712	5804745	85.546875	11.890411
243968	5811202	85.156250	12.188073
244224	5817648	85.546875	12.538813
244480	5824637	84.375000	13.837963
244736	5830978	84.765625	11.248848
244992	5837837	84.375000	13.236111
245248	5844936	82.812500	12.731132
245504	5850861	87.109375	11.771300
245760	5857072	85.546875	11.465753
246016	5863699	83.203125	10.924883
246272	5870749	84.765625	14.516129
246528	5876877	86.328125	11.891403
246784	5883688	84.375000	13.013889
247040	5890318	86.328125	14.162896
247296	5896113	87.109375	11.188341
247552	5901726	87.890625	11.168889
247808	5908582	84.375000	13.222222
248064	5914929	84.375000	10.865741
248320	5920876	88.281250	13.039823
248576	5928225	83.203125	14.314554
248832	5934203	86.328125	11.212670
249088	5939441	89.453125	11.082969
249344	5945116	88.671875	12.224670
249600	5951195	87.109375	12.461883
249856	5958127	83.203125	12.356808
250112	5964020	85.937500	10.422727
250368	5970030	85.546875	10.547945
250624	5976391	85.156250	11.747706
250880	5982152	88.281250	12.216814
251136	5988620	83.984375	11.013953
251392	5994634	85.546875	10.566210
251648	6000040	89.062500	11.429825
251904	6005614	88.671875	11.779736
252160	6011019	89.062500	11.425439
252416	6016667	89.062500	12.491228
252672	6022733	86.328125	11.610860
252928	6029185	85.546875	12.566210
253184	6035529	86.328125	12.868778
253440	6042443	83.203125	12.272300
253696	6048315	89.453125	13.851528
253952	6055097	84.765625	13.281106
254208	6060904	88.671875	12.806167
254464	6066110	89.453125	10.943231
254720	6072710	85.937500	13.636364
254976	6079361	83.593750	11.453271
255232	6084603	90.234375	11.870130
255488	6091617	83.203125	12.741784
255744	6097906	85.937500	12.222727
256000	6104213	86.718750	13.094595
256256	6109687	89.453125	12.113537
256512	6115265	89.453125	12.567686
256768	6122247	83.593750	13.000000
257024	6128320	87.109375	12.434978
257280	6134612	85.156250	11.431193
257536	6140472	87.890625	12.266667
257792	6147679	82.812500	13.240566
258048	6153344	87.500000	11.004464
258304	6159882	85.156250	12.559633
258560	6166194	85.937500	12.327273
258816	6172212	87.109375	12.188341
259072	6178779	87.109375	14.650224
259328	6186068	80.468750	11.111650
259584	6192011	87.500000	12.245536
259840	6198046	86.328125	11.470588
260096	6204389	87.109375	13.645740
260352	6210287	88.671875	13.207048
260608	6215900	89.453125	12.720524
260864	6222343	85.156250	12.123853
261120	6228214	87.890625	12.315556
261376	6233626	88.281250	10.672566
261632	6240236	84.375000	12.083333
261888	6246236	86.718750	11.711712
262144	6252927	83.984375	12.051163
262400	6258907	87.890625	12.800000
262656	6264969	86.718750	11.990991
262912	6271469	83.203125	10.328638
263168	6277488	86.328125	11.398190
263424	6284037	85.546875	13.009132
263680	6289695	87.500000	10.973214
263936	6295513	87.500000	11.687500
264192	6302184	83.203125	11.131455
264448	6309081	84.765625	13.811060
264704	6315230	87.109375	12.775785
264960	6320383	89.453125	10.711790
265216	6326635	88.671875	14.766520
265472	6333102	83.984375	11.009302
265728	6338198	89.062500	10.070175
265984	6344589	86.718750	13.472973
266240	6351214	85.156250	12.958716
266496	6357873	83.984375	11.902326
266752	6365198	84.375000	15.393519
267008	6372131	83.203125	12.361502
267264	6378355	87.109375	13.112108
267520	6384265	86.328125	10.904977
267776	6389357	91.406250	12.358974
268032	6395532	85.156250	10.894495
268288	6402071	86.718750	14.139640
268544	6408193	86.718750	12.261261
268800	6414230	85.546875	10.671233
269056	6420733	85.546875	12.799087
269312	6426707	87.500000	12.383929
269568	6433252	86.718750	14.166667
269824	6440219	84.375000	13.736111
270080	6447177	83.984375	13.293023
270336	6453555	84.375000	11.009259
270592	6459621	87.500000	12.794643
270848	6466505	82.812500	11.716981
271104	6472725	84.375000	10.277778
271360	6478237	88.671875	11.506608
271616	6484470	87.109375	13.152466
271872	6490617	85.937500	11.577273
272128	6496226	87.890625	11.151111
272384	6502061	89.062500	13.311404
272640	6508331	84.375000	10.509259
272896	6514008	89.453125	13.000000
273152	6519302	89.062500	10.938596
273408	6525152	88.281250	12.610619
273664	6531565	86.718750	13.572072
273920	6537145	90.234375	13.333333
274176	6543484	85.546875	12.050228
274432	6549218	88.281250	12.097345
274688	6555653	85.546875	12.488584
274944	6561947	85.937500	12.245455
275200	6567734	88.671875	12.718062
275456	6573830	87.109375	12.538117
275712	6579619	87.109375	11.161435
275968	6585785	87.109375	12.852018
276224	6592382	84.375000	12.023148
276480	6598311	87.109375	11.789238
276736	6605559	83.984375	14.641860
276992	6611930	84.765625	11.387097
277248	6618502	85.156250	12.715596
277504	6624809	86.718750	13.094595
277760	6631791	82.812500	12.179245
278016	6638231	86.328125	13.303167
278272	6644406	87.890625	13.666667
278528	6649670	89.453125	11.196507
278784	6655852	85.156250	10.926606
279040	6662235	85.546875	12.251142
279296	6667856	87.109375	10.408072
279552	6674173	85.937500	12.350000
279808	6680758	86.328125	13.959276
280064	6687101	86.718750	13.256757
280320	6692705	87.890625	11.128889
280576	6698414	89.062500	12.758772
280832	6706148	80.468750	13.271845
281088	6711833	87.109375	10.695067
281344	6718850	83.593750	13.163551
281600	6725172	85.937500	12.372727
281856	6731281	87.109375	12.596413
282112	6736908	89.062500	12.399123
282368	6743612	84.765625	12.921659
282624	6748657	90.625000	11.400862
282880	6755015	84.765625	11.327189
283136	6761978	83.593750	12.911215
283392	6767471	89.062500	11.811404
283648	6774338	83.593750	12.462617
283904	6780783	84.765625	11.728111
284160	6788430	81.250000	13.687500
284416	6793934	90.234375	13.004329
284672	6800867	83.593750	12.771028
284928	6807318	86.328125	13.352941
285184	6813633	85.156250	11.536697
285440	6819447	88.281250	12.451327
285696	6825484	86.718750	11.878378
285952	6831983	85.156250	12.380734
286208	6838232	85.937500	12.040909
286464	6844711	85.156250	12.288991
286720	6850978	87.109375	13.304933
286976	6856925	86.718750	11.472973
287232	6862766	87.109375	11.394619
287488	6869014	85.156250	11.229358
287744	6874407	89.453125	11.759825
288000	6881386	82.421875	11.748815
288256	6887230	86.328125	10.606335
288512	6894236	82.421875	11.876777
288768	6899753	88.671875	11.528634
289024	6904973	90.234375	11.774892
289280	6911358	87.500000	14.218750
289536	6917622	86.718750	12.900901
289792	6923745	86.328125	11.868778
290048	6929557	87.109375	11.264574
290304	6935392	87.109375	11.367713
290560	6942128	84.375000	12.666667
290816	6948271	86.718750	12.355856
291072	6954232	86.328125	11.135747
291328	6960571	85.546875	12.050228
291584	6966435	87.500000	11.892857
291840	6972489	86.328125	11.556561
292096	6979661	81.250000	11.403846
292352	6985830	86.328125	12.076923
292608	6991397	89.062500	12.135965
292864	6997361	87.500000	12.339286
293120	7003407	87.890625	13.093333
293376	7010180	83.203125	11.610329
293632	7017064	83.984375	12.948837
293888	7023188	85.156250	10.660550
294144	7029790	85.156250	12.853211
294400	7036042	86.328125	12.452489
294656	7041261	89.453125	11.000000
294912	7047443	85.546875	11.333333
295168	7053523	87.109375	12.466368
295424	7059508	88.281250	13.207965
295680	7065783	85.546875	11.757991
295936	7072170	84.765625	11.460829
296192	7077866	87.500000	11.142857
296448	7082998	90.625000	11.775862
296704	7089094	86.328125	11.746606
296960	7095494	86.718750	13.513514
297216	7101668	86.718750	12.495495
297472	7108596	84.375000	13.555556
297728	7115803	82.031250	12.414286
297984	7120962	90.234375	11.510823
298240	7126838	87.109375	11.551570
298496	7132136	90.234375	12.112554
298752	7138211	87.109375	12.443946
299008	7144159	86.718750	11.477477
299264	7151296	81.640625	11.660287
299520	7157685	87.109375	13.852018
299776	7163258	87.890625	10.991111
300032	7169620	84.375000	10.935185
300288	7176025	85.937500	12.750000
300544	7181990	85.937500	10.750000
300800	7187990	85.937500	10.909091
301056	7193830	88.281250	12.566372
301312	7200237	86.328125	13.153846
301568	7206511	85.546875	11.753425
301824	7212912	85.546875	12.333333
302080	7218076	88.671875	9.973568
302336	7224187	87.500000	12.995536
302592	7229835	88.671875	12.105727
302848	7236374	83.593750	10.929907
303104	7242269	88.671875	13.193833
303360	7247685	89.843750	12.243478
303616	7253922	86.718750	12.779279
303872	7261181	81.640625	12.244019
304128	7267442	84.765625	10.880184
304384	7273138	86.328125	9.936652
304640	7278856	89.062500	12.798246
304896	7284688	87.109375	11.354260
305152	7290518	86.718750	10.945946
305408	7297326	83.203125	11.774648
305664	7302737	89.843750	12.221739
305920	7308666	87.500000	12.183036
306176	7314733	86.328125	11.615385
306432	7320321	87.109375	10.260090
306688	7326504	86.328125	12.140271
306944	7332626	86.328125	11.864253
307200	7338849	85.156250	11.114679
307456	7345203	86.718750	13.306306
307712	7350969	87.890625	11.848889
307968	7356740	86.328125	10.276018
308224	7362753	87.109375	12.165919
308480	7368534	86.718750	10.725225
308736	7374904	85.546875	12.191781
308992	7379982	91.015625	11.922747
309248	7386657	84.765625	12.788018
309504	7392813	85.937500	11.618182
309760	7399945	84.375000	14.500000
310016	7406189	85.937500	12.018182
310272	7412152	87.500000	12.334821
310528	7418345	83.984375	9.734884
310784	7424024	89.453125	13.008734
311040	7430653	83.203125	10.934272
311296	7436161	89.453125	12.262009
311552	7442702	85.546875	12.972603
311808	7448598	86.718750	11.243243
312064	7454294	87.890625	11.537778
312320	7460065	87.890625	11.871111
312576	7466333	85.937500	12.127273
312832	7471872	89.062500	12.013158
313088	7477838	86.718750	11.558559
313344	7484069	85.546875	11.557078
313600	7490402	86.328125	12.819005
313856	7496891	86.718750	13.914414
314112	7503604	84.375000	12.560185
314368	7509564	85.156250	9.908257
314624	7515518	85.937500	10.700000
314880	7521627	86.718750	12.202703
315136	7527679	87.109375	12.340807
315392	7533962	87.109375	13.376682
315648	7539674	90.625000	14.275862
315904	7545493	88.281250	12.473451
316160	7550927	87.500000	9.973214
316416	7557268	85.156250	11.655963
316672	7563912	85.156250	13.045872
316928	7570463	85.546875	13.018265
317184	7576852	85.156250	11.876147
317440	7582460	88.281250	11.539823
317696	7589320	85.546875	14.429224
317952	7594722	89.453125	11.799127
318208	7600691	86.718750	11.572072
318464	7606340	87.500000	10.933036
318720	7611995	87.890625	11.355556
318976	7618123	86.328125	11.891403
319232	7623888	87.500000	11.450893
319488	7630287	86.328125	13.117647
319744	7636836	85.546875	13.009132
320000	7642589	87.109375	11.000000
320256	7648325	88.281250	12.106195
320512	7654786	83.984375	10.981395
320768	7660833	87.890625	13.097778
321024	7667746	83.984375	13.083721
321280	7674302	85.156250	12.642202
321536	7680792	86.718750	13.918919
321792	7685739	91.015625	11.360515
322048	7691001	91.406250	13.085470
322304	7697661	85.546875	13.515982
322560	7704744	82.812500	12.655660
322816	7710415	89.062500	12.592105
323072	7716637	83.984375	9.869767
323328	7722473	87.500000	11.767857
323584	7728336	86.718750	11.094595
323840	7736078	78.906250	11.594059
324096	7742048	87.500000	12.366071
324352	7747881	88.281250	12.535398
324608	7754677	85.937500	14.527273
324864	7760656	89.062500	13.942982
325120	7766885	87.890625	13.906667
325376	7773206	85.937500	12.368182
325632	7778789	89.843750	12.969565
325888	7784712	88.281250	12.933628
326144	7790569	87.500000	11.861607
326400	7796791	85.937500	11.918182
326656	7802602	87.890625	12.048889
326912	7808770	85.937500	11.672727
327168	7814587	87.890625	12.075556
327424	7820492	87.500000	12.075893
327680	7826595	87.890625	13.346667
327936	7832523	88.671875	13.339207
328192	7838599	86.328125	11.656109
328448	7844794	88.281250	14.137168
328704	7851842	83.203125	12.901408
328960	7857753	87.890625	12.493333
329216	7863712	87.890625	12.706667
329472	7869869	85.937500	11.622727
329728	7875950	87.890625	13.248889
329984	7881559	89.843750	13.082609
330240	7887290	88.671875	12.471366
330496	7892803	87.890625	10.724444
330752	7899580	85.156250	13.655963
331008	7904518	90.234375	10.554113
331264	7910267	87.109375	10.982063
331520	7916363	87.890625	13.315556
331776	7922522	86.328125	12.031674
332032	7929300	84.375000	12.861111
332288	7935429	85.156250	10.683486
332544	7941411	86.328125	11.230769
332800	7947271	86.718750	11.081081
333056	7952894	87.890625	11.213333
333312	7958570	87.890625	11.448889
333568	7965003	86.328125	13.271493
333824	7970436	87.500000	9.968750
334080	7977317	84.375000	13.337963
334336	7983608	85.156250	11.426606
334592	7989795	85.546875	11.356164
334848	7996891	81.640625	11.464115
335104	8002972	86.718750	12.076577
335360	8010177	82.812500	13.231132
335616	8016993	83.593750	12.224299
335872	8023321	87.890625	14.346667
336128	8029561	87.109375	13.183857
336384	8035587	87.109375	12.224215
336640	8040179	92.187500	10.983051
336896	8046162	87.500000	12.424107
337152	8051734	89.843750	12.921739
337408	8057161	88.281250	10.738938
337664	8063467	87.500000	13.866071
337920	8069629	89.062500	14.745614
338176	8076133	85.156250	12.403670
338432	8082342	86.718750	12.653153
338688	8087569	90.625000	12.185345
338944	8092345	92.187500	11.762712
339200	8098373	87.109375	12.233184
339456	8104403	87.500000	12.633929
339712	8110621	85.546875	11.497717
339968	8116558	85.937500	10.622727
340224	8122884	85.546875	11.990868
340480	8129311	85.156250	12.050459
340736	8135453	87.109375	12.744395
340992	8142193	84.375000	12.685185
341248	8148496	85.156250	11.481651
341504	8154260	87.890625	11.840000
341760	8160249	87.109375	12.058296
342016	8166038	87.500000	11.558036
342272	8172354	86.328125	12.742081
342528	8179396	82.421875	12.047393
342784	8184678	89.453125	11.275109
343040	8191066	84.765625	11.465438
343296	8196213	91.406250	12.594017
343552	8202828	86.718750	14.481982
343808	8210054	82.812500	13.330189
344064	8215754	87.109375	10.762332
344320	8222563	83.593750	12.191589
344576	8228520	87.500000	12.308036
344832	8235142	85.937500	13.736364
345088	8241239	87.109375	12.542601
345344	8247684	86.328125	13.325792
345600	8254210	86.328125	13.692308
345856	8259923	87.109375	10.820628
346112	8266371	85.156250	12.146789
346368	8271894	88.281250	11.163717
346624	8277584	87.890625	11.511111
346880	8283969	86.718750	13.445946
347136	8290274	86.328125	12.692308
347392	8296568	86.718750	13.036036
347648	8302736	88.281250	14.017699
347904	8308002	91.015625	12.729614
348160	8313154	91.796875	12.987234
348416	8319045	89.453125	13.934498
348672	8324514	88.671875	11.317181
348928	8331453	83.203125	12.389671
349184	8337754	86.718750	13.067568
349440	8343287	90.234375	13.129870
349696	8350032	83.984375	12.302326
349952	8355768	88.281250	12.106195
350208	8361093	91.796875	13.723404
350464	8366845	89.453125	13.327511
350720	8372471	87.890625	11.226667
350976	8378122	88.281250	11.730088
351232	8383242	91.406250	12.478632
351488	8388625	88.671875	10.938326
351744	8394703	87.109375	12.457399
352000	8400233	89.062500	11.973684
352256	8405904	87.109375	10.632287
352512	8412989	84.375000	14.282407
352768	8419309	85.937500	12.363636
353024	8426101	85.156250	13.724771
353280	8432793	85.937500	14.054545
353536	8439058	85.156250	11.307339
353792	8444523	88.671875	11.299559
354048	8451405	84.765625	13.741935
354304	8456601	91.015625	12.429185
354560	8462286	88.671875	12.268722
354816	8468348	87.890625	13.164444
355072	8475145	84.375000	12.949074
355328	8481232	87.500000	12.888393
355584	8488700	80.859375	12.405797
355840	8494967	87.500000	13.691964
356096	8500894	87.109375	11.780269
356352	8507433	84.375000	11.754630
356608	8512925	88.671875	11.418502
356864	8519534	82.812500	10.419811
357120	8525891	88.671875	15.229075
357376	8532516	84.765625	12.557604
357632	8539002	85.156250	12.321101
357888	8545508	84.765625	12.009217
358144	8550871	89.843750	12.013043
358400	8556317	90.234375	12.753247
358656	8561578	87.890625	9.604444
358912	8567319	88.281250	12.128319
359168	8574089	84.765625	13.225806
359424	8579715	87.109375	10.430493
359680	8585327	88.281250	11.557522
359936	8590922	89.062500	12.258772
360192	8596455	87.500000	10.415179
360448	8602737	85.546875	11.789954
360704	8608358	88.671875	11.986784
360960	8614281	87.109375	11.762332
361216	8621140	83.203125	12.014085
361472	8626313	90.625000	11.952586
361728	8632756	85.546875	12.525114
361984	8638386	89.453125	12.794760
362240	8645139	85.546875	13.940639
362496	8650820	89.062500	12.635965
362752	8657049	85.546875	11.547945
363008	8662851	88.671875	12.784141
363264	8668838	87.500000	12.441964
363520	8674821	87.890625	12.813333
363776	8680737	88.281250	12.902655
364032	8687459	84.765625	13.004608
364288	8693392	86.328125	11.009050
364544	8700134	83.203125	11.464789
364800	8707143	82.421875	11.890995
365056	8712790	88.671875	12.101322
365312	8719278	86.718750	13.909910
365568	8725193	86.328125	10.927602
365824	8730939	87.109375	10.968610
366080	8736244	89.453125	11.375546
366336	8741765	89.062500	11.934211
366592	8747923	84.375000	9.990741
366848	8754435	85.937500	13.236364
367104	8760243	87.890625	12.035556
367360	8766335	87.109375	12.520179
367616	8772109	86.328125	10.289593
367872	8777348	89.062500	10.697368
368128	8783309	87.109375	11.932735
368384	8789359	87.109375	12.331839
368640	8795613	85.937500	12.063636
368896	8802160	85.156250	12.600917
369152	8809076	83.203125	12.281690
369408	8814887	87.890625	12.048889
369664	8820509	87.500000	10.812500
369920	8826486	88.281250	13.172566
370176	8832401	88.671875	13.281938
370432	8838802	84.375000	11.115741
370688	8844599	88.281250	12.376106
370944	8851401	84.375000	12.972222
371200	8857768	87.500000	14.138393
371456	8863879	85.156250	10.600917
371712	8870740	83.984375	12.841860
371968	8876638	88.671875	13.207048
372224	8882708	86.328125	11.628959
372480	8889372	83.984375	11.925581
372736	8896010	83.593750	11.392523
372992	8901600	89.062500	12.236842
373248	8908490	82.031250	10.904762
373504	8915333	83.203125	11.938967
373760	8921677	86.718750	13.261261
374016	8927336	88.281250	11.765487
374272	8933655	86.328125	12.755656
374528	8939445	88.281250	12.345133
374784	8946127	84.375000	12.416667
375040	8953335	82.421875	12.834123
375296	8960090	85.546875	13.949772
375552	8966177	86.328125	11.705882
375808	8972390	84.765625	10.658986
376064	8977471	89.843750	10.786957
376320	8982544	91.015625	11.901288
376576	8988633	87.109375	12.506726
376832	8995918	82.421875	13.199052
377088	9001973	85.937500	11.159091
377344	9007990	86.328125	11.389140
377600	9013987	87.890625	12.875556
377856	9021076	82.031250	11.852381
378112	9026643	87.890625	10.964444
378368	9033438	84.765625	13.341014
378624	9039794	85.156250	11.724771
378880	9046771	82.812500	12.155660
379136	9053470	85.156250	13.298165
379392	9059980	85.937500	13.227273
379648	9066010	87.500000	12.633929
379904	9071785	89.062500	13.048246
380160	9077200	89.062500	11.469298
380416	9083138	85.937500	10.627273
380672	9088619	89.062500	11.758772
380928	9095345	83.984375	12.213953
381184	9101659	86.718750	13.126126
381440	9107470	88.671875	12.823789
381696	9113388	88.671875	13.295154
381952	9119557	86.718750	12.472973
382208	9126388	83.984375	12.702326
382464	9132678	86.718750	13.018018
382720	9137924	90.625000	12.267241
382976	9144195	86.718750	12.932432
383232	9150016	87.890625	12.093333
383488	9156296	85.937500	12.181818
383744	9162050	87.890625	11.795556
384000	9168381	88.281250	14.738938
384256	9174340	86.718750	11.527027
384512	9180766	86.718750	13.630631
384768	9186865	86.718750	12.157658
385024	9193466	84.765625	12.447005
385280	9199845	87.109375	13.807175
385536	9206105	85.937500	12.090909
385792	9212209	88.281250	13.734513
386048	9218692	86.718750	13.887387
386304	9224885	87.500000	13.361607
386560	9230961	84.765625	10.027650
386816	9236122	89.062500	10.355263
387072	9241322	89.062500	10.526316
387328	9246594	92.187500	13.864407
387584	9252830	87.890625	13.937778
387840	9258692	89.062500	13.429825
388096	9265180	86.718750	13.909910
388352	9271338	86.718750	12.423423
388608	9278153	85.546875	14.223744
388864	9285131	85.156250	14.577982
389120	9291531	85.546875	12.328767
389376	9298141	85.546875	13.287671
389632	9303948	88.281250	12.420354
389888	9309874	87.500000	12.169643
390144	9315542	90.234375	13.714286
390400	9321955	87.500000	14.343750
390656	9328158	86.718750	12.626126
390912	9333819	87.109375	10.587444
391168	9340204	85.937500	12.659091
391424	9345100	92.187500	12.271186
391680	9351113	87.890625	12.946667
391936	9357028	87.500000	12.120536
392192	9362924	87.890625	12.426667
392448	9368153	90.234375	11.813853
392704	9374002	88.281250	12.606195
392960	9380115	87.500000	13.004464
393216	9385753	88.281250	11.672566
393472	9392943	83.203125	13.568075
393728	9398307	89.453125	11.633188
393984	9404611	85.546875	11.890411
394240	9411295	85.546875	13.625571
394496	9417537	85.937500	12.009091
394752	9424172	87.109375	14.955157
395008	9430500	85.937500	12.400000
395264	9436321	88.671875	12.867841
395520	9441408	91.015625	11.961373
395776	9446773	90.234375	12.402597
396032	9452552	88.281250	12.296460
396288	9459052	85.156250	12.385321
396544	9465305	85.546875	11.657534
396800	9470688	90.234375	12.480519
397056	9477178	86.328125	13.529412
397312	9482806	88.281250	11.628319
397568	9488709	88.671875	13.229075
397824	9495332	85.937500	13.740909
398080	9501440	86.328125	11.800905
398336	9507419	88.671875	13.563877
398592	9513464	87.500000	12.700893
398848	9518789	89.843750	11.847826
399104	9523678	91.406250	11.491453
399360	9529732	87.109375	12.349776
399616	9535043	90.234375	12.168831
399872	9541819	85.156250	13.651376
400128	9548356	85.156250	12.555046
400384	9554149	87.109375	11.179372
400640	9560171	86.328125	11.411765
400896	9565601	87.500000	9.955357
401152	9572508	82.421875	11.407583
401408	9579444	83.593750	12.785047
401664	9585986	86.328125	13.764706
401920	9591686	89.062500	12.719298
402176	9597886	86.328125	12.217195
402432	9603925	85.937500	11.086364
402688	9609866	86.718750	11.445946
402944	9616264	84.765625	11.511521
403200	9623126	84.765625	13.649770
403456	9629220	85.937500	11.336364
403712	9635443	85.546875	11.520548
403968	9642048	83.203125	10.821596
404224	9647117	88.671875	9.555066
404480	9652930	87.500000	11.665179
404736	9659674	84.375000	12.703704
404992	9665810	86.718750	12.324324
405248	9670770	90.234375	10.649351
405504	9677063	85.937500	12.240909
405760	9682766	87.500000	11.174107
406016	9690029	82.812500	13.504717
406272	9696512	83.593750	10.668224
406528	9703639	80.859375	10.758454
406784	9709728	86.328125	11.714932
407040	9716201	85.546875	12.662100
407296	9722392	86.328125	12.176471
407552	9728220	88.281250	12.513274
407808	9734728	85.156250	12.422018
408064	9741127	84.375000	11.106481
408320	9747862	83.203125	11.431925
408576	9753546	87.500000	11.089286
408832	9759290	87.109375	10.959641
409088	9765448	87.500000	13.205357
409344	9771686	87.109375	13.174888
409600	9778190	84.375000	11.592593
409856	9784729	83.203125	10.511737
410112	9790813	87.500000	12.875000
410368	9796670	87.890625	12.253333
410624	9803178	85.156250	12.422018
410880	9809550	86.718750	13.387387
411136	9815668	86.328125	11.846154
411392	9822564	84.375000	13.407407
411648	9829378	83.593750	12.214953
411904	9834806	89.843750	12.295652
412160	9840862	87.109375	12.358744
412416	9846105	89.843750	11.491304
412672	9851924	87.500000	11.691964
412928	9858859	85.156250	14.380734
413184	9864883	87.500000	12.607143
413440	9871084	85.937500	11.822727
413696	9876551	88.671875	11.308370
413952	9882704	86.718750	12.400901
414208	9889499	83.984375	12.534884
414464	9895577	85.937500	11.263636
414720	9902118	85.546875	12.972603
414976	9908540	84.765625	11.622120
415232	9914556	87.109375	12.179372
415488	9920118	88.671875	11.726872
415744	9926119	86.718750	11.716216
416000	9932462	86.328125	12.864253
416256	9937588	91.015625	12.128755
416512	9943943	85.937500	12.522727
416768	9949944	86.718750	11.716216
417024	9956846	83.203125	12.215962
417280	9962757	86.328125	10.909502
417536	9969359	84.375000	12.046296
417792	9975076	88.671875	12.409692
418048	9981423	85.937500	12.486364
418304	9987754	85.156250	11.610092
418560	9994152	84.765625	11.511521
418816	10000799	85.937500	13.850000
419072	10007011	87.109375	13.058296
419328	10013064	87.890625	13.124444
419584	10018730	87.890625	11.404444
419840	10024944	87.109375	13.067265
420096	10031228	85.937500	12.200000
420352	10038349	83.203125	13.244131
420608	10043647	89.843750	11.730435
420864	10050262	83.984375	11.697674
421120	10056127	88.281250	12.676991
421376	10062488	87.109375	13.726457
421632	10068226	89.062500	12.885965
421888	10075028	83.593750	12.158879
422144	10080300	90.234375	12.000000
422400	10085903	88.281250	11.517699
422656	10092390	85.156250	12.325688
422912	10099121	84.765625	13.046083
423168	10104722	88.671875	11.898678
423424	10111424	83.203125	11.276995
423680	10118003	85.546875	13.146119
423936	10124468	87.109375	14.192825
424192	10130601	86.718750	12.310811
424448	10136951	85.937500	12.500000
424704	10143342	84.765625	11.479263
424960	10150570	80.859375	11.246377
425216	10156753	87.109375	12.928251
425472	10162851	86.328125	11.755656
425728	10168497	87.890625	11.315556
425984	10174250	89.453125	13.331878
426240	10180280	86.718750	11.846847
426496	10186973	85.156250	13.270642
426752	10192658	88.281250	11.880531
427008	10197499	91.406250	11.286325
427264	10203961	85.937500	13.009091
427520	10209484	89.843750	12.708696
427776	10215551	86.718750	12.013514
428032	10222072	85.937500	13.277273
428288	10228301	86.718750	12.743243
428544	10234075	89.062500	13.043860
428800	10241404	80.468750	11.305825
429056	10247852	86.328125	13.339367
429312	10254180	86.328125	12.796380
429568	10260467	87.109375	13.394619
429824	10266959	85.546875	12.748858
430080	10273110	87.109375	12.784753
430336	10278945	87.109375	11.367713
430592	10285121	87.109375	12.896861
430848	10291937	83.203125	11.812207
431104	10298983	83.593750	13.299065
431360	10304416	89.843750	12.317391
431616	10311383	83.203125	12.521127
431872	10318104	84.765625	13.000000
432128	10325016	83.203125	12.262911
432384	10330949	86.718750	11.409910
432640	10337806	83.203125	12.004695
432896	10344823	85.156250	14.756881
433152	10350742	88.671875	13.299559
433408	10356924	85.546875	11.333333
433664	10363728	84.375000	12.981481
433920	10369774	85.546875	10.712329
434176	10376142	86.718750	13.369369
434432	10382220	87.890625	13.235556
434688	10388203	85.937500	10.831818
434944	10395328	82.031250	12.023810
435200	10401579	85.937500	12.050000
435456	10407236	88.671875	12.145374
435712	10413712	85.546875	12.675799
435968	10419133	89.062500	11.495614
436224	10425731	85.156250	12.834862
436480	10432191	85.937500	13.000000
436736	10437425	89.453125	11.065502
436992	10444023	84.375000	12.027778
437248	10449787	88.671875	12.616740
437504	10456807	84.375000	13.981481
437760	10463275	84.375000	11.425926
438016	10469239	87.109375	11.946188
438272	10475755	85.156250	12.458716
438528	10482695	83.203125	12.394366
438784	10490051	82.812500	13.943396
439040	10495504	89.062500	11.635965
439296	10501341	86.328125	10.574661
439552	10508568	83.984375	14.544186
439808	10513991	88.671875	11.114537
440064	10520147	87.500000	13.196429
440320	10526117	88.281250	13.141593
440576	10532343	85.546875	11.534247
440832	10538817	85.156250	12.266055
441088	10544533	88.281250	12.017699
441344	10551390	84.765625	13.626728
441600	10557909	84.375000	11.662037
441856	10565110	83.593750	14.023364
442112	10571408	85.937500	12.263636
442368	10577581	87.890625	13.657778
442624	10584428	84.375000	13.180556
442880	10591429	85.937500	15.459091
443136	10597419	86.328125	11.266968
443392	10603272	87.890625	12.235556
443648	10608523	89.062500	10.750000
443904	10614776	84.765625	10.843318
444160	10621010	88.281250	14.309735
444416	10627451	83.984375	10.888372
444672	10633913	85.546875	12.611872
444928	10640601	83.203125	11.211268
445184	10646483	87.500000	11.973214
445440	10652988	85.546875	12.808219
445696	10659563	83.984375	11.511628
445952	10665245	88.281250	11.867257
446208	10671562	85.546875	11.949772
446464	10678443	84.375000	13.337963
446720	10685373	84.375000	13.564815
446976	10691571	85.937500	11.809091
447232	10697850	85.546875	11.776256
447488	10702889	92.187500	12.877119
447744	10709111	87.109375	13.103139
448000	10715123	87.109375	12.161435
448256	10721143	87.500000	12.589286
448512	10727047	86.328125	10.877828
448768	10734098	83.593750	13.322430
449024	10740695	83.593750	11.200935
449280	10746896	85.937500	11.822727
449536	10753121	86.328125	12.330317
449792	10759604	85.156250	12.307339
450048	10765047	87.109375	9.609865
450304	10770635	87.109375	10.260090
450560	10776687	85.156250	10.330275
450816	10783340	85.546875	13.484018
451072	10790057	84.765625	12.981567
451328	10796960	83.203125	12.220657
451584	10802889	86.328125	10.990950
451840	10810036	81.250000	11.283654
452096	10816282	86.718750	12.819820
452352	10822022	87.109375	10.941704
452608	10828340	85.546875	11.954338
452864	10834081	87.109375	10.946188
453120	10841674	80.078125	12.160976
453376	10848860	83.203125	13.549296
453632	10854664	88.671875	12.792952
453888	10861629	83.593750	12.920561
454144	10867864	85.937500	11.977273
454400	10874806	83.593750	12.813084
454656	10880854	86.328125	11.529412
454912	10887105	85.546875	11.648402
455168	10892941	88.281250	12.548673
455424	10899002	87.500000	12.772321
455680	10905458	83.203125	10.122066
455936	10911139	87.109375	10.677130
456192	10916862	88.281250	12.048673
456448	10923844	82.812500	12.179245
456704	10930378	85.156250	12.541284
456960	10935632	88.671875	10.370044
457216	10942456	83.984375	12.669767
457472	10947745	88.671875	10.524229
457728	10954807	81.640625	11.301435
457984	10961348	85.156250	12.573394
458240	10967498	87.109375	12.780269
458496	10974090	84.375000	12.000000
458752	10980324	85.546875	11.570776
459008	10986780	85.156250	12.183486
459264	10993017	84.765625	10.769585
459520	10998886	86.718750	11.121622
459776	11005417	84.765625	12.124424
460032	11011801	85.546875	12.255708
460288	11017832	86.718750	11.851351
460544	11022984	89.843750	11.095652
460800	11029100	86.328125	11.837104
461056	11035312	86.718750	12.666667
461312	11041759	85.156250	12.142202
461568	11047859	86.718750	12.162162
461824	11053907	86.328125	11.529412
462080	11061213	82.031250	12.885714
462336	11066971	86.718750	10.621622
462592	11074275	81.640625	12.459330
462848	11080681	86.718750	13.540541
463104	11086239	87.500000	10.526786
463360	11092740	84.765625	11.986175
463616	11098872	85.937500	11.509091
463872	11105409	84.765625	12.152074
464128	11111283	87.500000	11.937500
464384	11118357	81.250000	10.932692
464640	11124143	86.718750	10.747748
464896	11130205	86.718750	11.990991
465152	11136376	86.328125	12.085973
465408	11143609	81.640625	12.119617
465664	11149790	85.546875	11.328767
465920	11156573	83.203125	11.657277
466176	11162189	85.937500	9.163636
466432	11168588	87.109375	13.896861
466688	11175271	83.203125	11.187793
466944	11181499	85.156250	11.137615
467200	11186974	89.453125	12.117904
467456	11193622	85.937500	13.854545
467712	11199661	86.718750	11.887387
467968	11205270	87.890625	11.151111
468224	11212682	80.859375	12.135266
468480	11218800	86.718750	12.243243
468736	11224284	89.062500	11.771930
468992	11230003	87.500000	11.245536
469248	11235661	89.843750	13.295652
469504	11241958	86.328125	12.656109
469760	11248474	85.937500	13.254545
470016	11254464	86.328125	11.266968
470272	11260359	88.281250	12.809735
470528	11266643	85.937500	12.200000
470784	11271778	89.843750	11.021739
471040	11276819	89.453125	10.222707
471296	11282444	88.671875	12.004405
471552	11288934	83.984375	11.116279
471808	11294992	87.109375	12.367713
472064	11301345	84.765625	11.304147
472320	11307717	84.765625	11.391705
472576	11314666	83.984375	13.251163
472832	11320747	85.937500	11.277273
473088	11326425	88.671875	12.237885
473344	11332014	87.500000	10.665179
473600	11338207	86.328125	12.185520
473856	11345059	83.984375	12.800000
474112	11351093	87.109375	12.260090
474368	11356283	90.625000	12.025862
474624	11362060	89.453125	13.436681
474880	11367730	87.890625	11.422222
475136	11373396	87.500000	11.008929
475392	11378247	92.187500	12.080508
475648	11384138	88.281250	12.792035
475904	11390426	85.156250	11.412844
476160	11397018	85.156250	12.807339
476416	11402419	89.453125	11.794760
476672	11408912	84.765625	11.949309
476928	11415458	86.328125	13.782805
477184	11420503	91.015625	11.781116
477440	11426782	86.328125	12.574661
477696	11432888	87.109375	12.582960
477952	11439288	86.718750	13.513514
478208	11445789	85.937500	13.186364
478464	11451964	87.500000	13.281250
478720	11458006	87.890625	13.075556
478976	11464035	89.062500	14.162281
479232	11470084	87.109375	12.327354
479488	11475994	88.281250	12.876106
479744	11482986	84.375000	13.851852
480000	11489595	85.156250	12.885321
480256	11496264	85.156250	13.160550
480512	11502240	86.718750	11.603604
480768	11508395	85.937500	11.613636
481024	11514190	87.890625	11.977778
481280	11520267	86.328125	11.660633
481536	11526973	83.984375	12.120930
481792	11533378	85.156250	11.949541
482048	11539604	86.328125	12.334842
482304	11546414	83.984375	12.604651
482560	11553145	84.765625	13.046083
482816	11559935	84.375000	12.916667
483072	11565842	88.671875	13.246696
483328	11572402	87.500000	15.000000
483584	11578461	87.500000	12.763393
483840	11585406	82.812500	12.004717
484096	11591694	85.156250	11.412844
484352	11597357	87.109375	10.596413
484608	11602481	91.406250	12.495726
484864	11608061	88.281250	11.415929
485120	11613367	91.015625	12.901288
485376	11619123	88.281250	12.194690
485632	11625364	87.890625	13.960000
485888	11631431	85.937500	11.213636
486144	11637693	85.156250	11.293578
486400	11643953	86.328125	12.488688
486656	11649799	87.109375	11.417040
486912	11656238	85.156250	12.105505
487168	11661805	89.062500	12.135965
487424	11668577	83.984375	12.427907
487680	11674239	88.281250	11.778761
487936	11680769	85.546875	12.922374
488192	11688036	82.031250	12.700000
488448	11693629	88.671875	11.863436
488704	11699994	86.328125	12.963801
488960	11706668	84.375000	12.379630
489216	11712945	86.718750	12.959459
489472	11718560	89.843750	13.108696
489728	11724905	86.328125	12.873303
489984	11731470	86.328125	13.868778
490240	11737771	85.156250	11.472477
490496	11744900	82.031250	12.042857
490752	11751499	83.593750	11.210280
491008	11757050	88.281250	11.287611
491264	11763350	87.500000	13.839286
491520	11769023	89.062500	12.600877
491776	11774671	88.671875	12.105727
492032	11779656	91.015625	11.523605
492288	11786230	83.203125	10.676056
492544	11792217	87.500000	12.441964
492800	11799063	83.984375	12.772093
493056	11805222	85.937500	11.631818
493312	11811140	86.718750	11.342342
493568	11816817	89.062500	12.618421
493824	11823583	83.593750	11.990654
494080	11830096	85.937500	13.240909
494336	11836123	86.718750	11.833333
494592	11842475	86.328125	12.904977
494848	11848515	87.109375	12.286996
495104	11854435	87.500000	12.142857
495360	11859909	89.062500	11.728070
495616	11865943	85.546875	10.657534
495872	11871672	87.500000	11.290179
496128	11878451	83.984375	12.460465
496384	11884167	89.453125	13.170306
496640	11890758	85.937500	13.595455
496896	11897872	83.984375	14.018605
497152	11903761	89.062500	13.548246
497408	11910965	84.375000	14.833333
497664	11916416	90.234375	12.774892
497920	11922750	85.546875	12.027397
498176	11928664	87.890625	12.506667
498432	11934806	87.109375	12.744395
498688	11940578	88.281250	12.265487
498944	11947178	85.546875	13.242009
499200	11952474	89.843750	11.721739
499456	11958966	85.546875	12.748858
499712	11964954	89.062500	13.982456
499968	11970980	87.500000	12.616071
500224	11977533	85.546875	13.027397
500480	11984449	83.593750	12.691589
500736	11990392	86.718750	11.454955
500992	11997178	83.984375	12.493023
501248	12004046	83.984375	12.874419
501504	12009765	89.062500	12.802632
501760	12015969	86.328125	12.235294
502016	12021507	90.625000	13.525862
502272	12027390	87.109375	11.582960
502528	12033525	87.109375	12.713004
502784	12039282	87.500000	11.415179
503040	12046188	83.984375	13.051163
503296	12052557	86.718750	13.373874
503552	12057252	92.187500	11.419492
503808	12062916	87.500000	11.000000
504064	12069459	84.765625	12.179724
504320	12076130	84.375000	12.365741
504576	12082527	85.937500	12.713636
504832	12088809	86.718750	12.981982
505088	12095656	84.375000	13.180556
505344	12102010	84.765625	11.308756
505600	12107962	87.109375	11.892377
505856	12114221	86.328125	12.484163
506112	12120343	87.109375	12.654709
506368	12126288	87.109375	11.860987
506624	12131855	89.062500	12.135965
506880	12137341	87.890625	10.604444
507136	12143352	86.718750	11.761261
507392	12150031	83.984375	11.995349
507648	12156246	86.718750	12.680180
507904	12163034	85.156250	13.706422
508160	12169105	86.328125	11.633484
508416	12175528	85.546875	12.433790
508672	12182545	83.203125	12.755869
508928	12188499	86.718750	11.504505
509184	12194878	85.546875	12.232877
509440	12201569	84.375000	12.458333
509696	12208090	85.937500	13.277273
509952	12213272	90.234375	11.610390
510208	12220239	83.593750	12.929907
510464	12226525	85.937500	12.209091
510720	12232265	87.109375	10.941704
510976	12239298	85.156250	14.830275
511232	12245306	86.718750	11.747748
511488	12252450	84.375000	14.555556
511744	12258256	86.328125	10.434389
512000	12263904	87.890625	11.324444
512256	12270328	87.109375	14.008969
512512	12276325	86.328125	11.298643
512768	12281982	88.671875	12.145374
513024	12287369	89.062500	11.346491
513280	12293258	87.890625	12.395556
513536	12299747	86.328125	13.524887
513792	12305815	87.109375	12.412556
514048	12312230	86.718750	13.581081
514304	12318566	84.765625	11.225806
514560	12324700	87.500000	13.098214
514816	12331235	83.984375	11.325581
515072	12337865	83.984375	11.767442
515328	12344080	85.546875	11.484018
515584	12350321	85.937500	12.004545
515840	12356430	87.890625	13.373333
516096	12362731	85.937500	12.277273
516352	12369174	83.984375	10.897674
516608	12375293	85.546875	11.045662
516864	12380876	89.843750	12.969565
517120	12387469	85.937500	13.604545
517376	12393887	85.546875	12.410959
517632	12400168	86.328125	12.583710
517888	12406339	86.718750	12.481982
518144	12412755	84.375000	11.185185
